20000101	
0	
0	
0	
0.1	
0.1	
0.3	
0.1	
0.4	
6.8	
0	
0	
0	
0.1	
2.37	
11.76	
0.46	
0	
0.2	
0	
0	
0.1	
0.1	
0	
0	
0	
0.7	
0.3	
0	
0.1	
0	
0.1	
0	
0.2	
0	
0	
0	
0	
0	
0	
0	
0	
0	
0.1	
0	
0.1	
0	
4	
1.6	
0	
0	
0	
0	
0	
0.1	
0	
0	
0	
0.1	
0	
0	
0	
0	
0	
0	
0	
0	
0	
0	
0	
0	
0	
0	
21.49	
0.1	
0	
0	
0	
0	
0	
0	
0.1	
0	
2.1	
0	
15.2	
1.3	
21.58	
2	
5.8	
0.2	
5.3	
0	
3.5	
0	
0	
0	
0	
0	
0	
0	
2.3	
14.09	
0	
0	
0	
0	
0.07	
4.13	
3.7	
0	
0	
0	
0	
8.59	
0.1	
0	
0	
0.64	
1.36	
0	
0	
0	
0	
0	
0	
0.1	
0	
0	
0	
13.39	
7.8	
0.1	
0	
0	
0	
0	
0	
8.19	
0.1	
0	
0	
0	
4	
0	
0	
0	
3.1	
8.59	
0	
0	
0	
0	
0	
0	
0	
0	
4.93	
1.07	
0	
0	
0	
39.78	
8.6	
0	
0.5	
1.9	
0	
0	
0	
0	
0	
0.4	
0	
0	
0	
0	
0	
0	
0	
1	
0.2	
0.2	
0	
0	
0	
0	
0	
3.3	
0	
0	
0	
4.6	
2.5	
1.7	
0	
0	
0	
0	
0	
0	
0.3	
12.2	
0	
0	
1.7	
0.1	
0.4	
0	
6.9	
1.1	
0	
0	
0	
0	
0	
0	
3.4	
0.1	
0	
0	
0	
0	
0	
24.9	
0.1	
0	
0	
0	
0	
0	
0	
0	
17.69	
1.5	
0	
0	
0	
0	
0	
0	
0	
10.6	
6.7	
1.4	
0	
0.06	
1.14	
0	
0	
0	
0	
0	
0	
0	
0	
0	
0	
0	
0	
0	
0	
1.7	
0.8	
5.4	
0	
0	
0	
0	
0	
0	
0	
6	
2	
4.3	
0.2	
0.2	
0	
0	
0	
0	
0	
0	
0	
2.1	
4.3	
0.9	
8.8	
0.2	
23.18	
0.7	
0	
0.1	
0	
0	
0	
1.3	
0.3	
0	
0.1	
0	
0	
0	
0	
0	
6.1	
0	
0.1	
0.1	
0	
0.1	
0.8	
0	
0	
0	
0	
0	
0	
0.8	
4.2	
0	
0	
0	
0	
0	
1.4	
0	
0	
2.2	
0.1	
0	
0.7	
2.2	
0.1	
0.9	
7.6	
0	
0.2	
0.5	
0.1	
0	
0.4	
0	
0	
0	
0	
0	
0	
0.1	
0	
2.6	
0.2	
0	
0	
0.1	
1.1	
8.07	
63.01	
64.07	
7.99	
0	
0	
0	
0	
0	
0	
0	
0	
0	
0	
0	
0	
0.2	
2.2	
0.2	
0.1	
0	
0	
11	
19.64	
10.45	
22.83	
28.22	
0.1	
0	
0.7	
0	
0	
0.1	
0	
0	
0	
0	
0	
23.84	
3.15	
0	
0	
0	
0	
0.1	
0	
0	
0	
0	
0	
0	
0	
0	
0	
0.1	
11.99	
0	
0	
0.1	
0	
0	
0	
0	
0	
0	
0.1	
0	
0	
0	
0	
0	
0.1	
0	
0	
0.3	
0	
0.2	
10.1	
0	
5.41	
0.19	
8	
2.9	
0	
0	
1.2	
0.1	
0	
0	
0	
0	
0	
0	
0	
1.6	
4	
0	
12.45	
7.15	
0	
0	
0	
0	
0	
0	
0	
0	
4.3	
0	
0	
0	
0	
0	
0	
0	
0	
0	
2.2	
0	
4.7	
2.1	
0.2	
0	
0	
0	
0	
0	
0	
0	
0	
1.4	
5.1	
0.1	
0.7	
0	
0.6	
0	
0	
0	
0	
0	
0	
0	
0	
0	
0	
0	
1.2	
1.1	
0	
0	
1	
1.3	
0	
0.1	
0	
31.4	
0	
0	
0	
0	
3.2	
0	
0	
0	
0	
0	
0	
0	
0	
0	
9.7	
0	
0	
0	
0	
0	
0.4	
0.1	
0	
0	
0	
6.6	
0	
0	
0	
0	
0	
0.7	
0	
10.5	
0	
0	
0	
3	
0	
0	
0	
0	
0	
0	
0	
0	
1.1	
0	
0	
11.99	
0	
0	
0	
13.68	
0	
0	
3.7	
0	
0	
0	
0	
0	
0	
10.5	
0	
0	
0	
0	
0	
4.1	
0	
0	
0	
0	
0	
0	
20.49	
0.1	
0	
0	
0	
0.8	
0	
28.4	
2.1	
0	
0	
0	
0	
1.6	
0	
0	
0	
0	
0	
6.89	
4.8	
0	
0	
51.19	
0.4	
0	
0	
0	
0	
3.8	
0.2	
0	
0	
0	
0	
0	
0	
0	
1.4	
0	
0	
0	
17.98	
0	
13.09	
0.9	
0	
0	
4.3	
40.49	
0.2	
0	
0	
0	
0.2	
0	
0	
0	
0	
0.05	
0.05	
0	
0	
0.48	
0.02	
0	
0	
0	
16.49	
0.53	
19.47	
0	
0	
2	
0	
0.1	
0.1	
0	
0	
0	
0	
0	
0	
0	
0	
0	
0	
0	
0	
0.1	
0.4	
0	
4.8	
0	
0	
0	
39.27	
26.59	
9.7	
0	
0.6	
0	
0	
0.2	
0	
0	
0	
0	
0	
0.2	
0	
0.3	
0	
0	
0	
0.1	
0	
0	
0	
0	
0	
0	
0	
0.1	
0.3	
0.7	
0	
0	
0	
0	
0	
0.2	
0	
0.1	
0	
0	
0	
0	
0	
0	
0	
0	
0	
0.2	
0.8	
11.6	
3.2	
0.2	
0.1	
0.1	
0.8	
0	
0	
0.1	
0.2	
2.5	
0	
0	
0	
0	
0.1	
0.1	
0	
0.1	
0	
0	
0	
0	
0	
0	
0	
0	
0.3	
0	
0.1	
0.1	
0	
0	
4.27	
1.73	
0	
0	
0	
0	
0	
0	
0	
9.7	
0.9	
8.5	
2.1	
0	
0	
0	
0	
0	
0	
0	
0	
0	
0	
0	
0	
3.4	
0	
0.2	
4.7	
0.5	
0	
0	
0	
0	
0	
0	
0.3	
2.1	
0	
0	
0	
0	
0	
0	
0	
0	
0	
0	
0	
0	
0	
0	
11.1	
0.1	
0	
0	
2.6	
103.05	
0.7	
0	
0	
22.6	
1.58	
15.39	
21.38	
53.77	
5.3	
1.2	
1.3	
0.5	
0	
0	
0	
1.3	
0.1	
0	
0	
0	
0	
0	
0	
0	
0	
0	
0	
5.13	
4.37	
6.5	
6.95	
0.55	
1.4	
56.66	
79.23	
0.65	
8.95	
2.1	
0	
0	
0	
0	
0	
0	
1.6	
0	
0	
0	
0	
1.6	
0	
0	
10.24	
3.65	
0	
0	
0	
0	
0	
0	
0	
14.3	
20.1	
3.29	
0	
11.9	
0	
0	
0	
0	
0	
0	
0	
0	
0	
0	
0	
0	
0	
0	
0	
0	
0	
0	
0	
0	
13.7	
0.1	
0	
0	
0	
0.27	
10.82	
0	
0	
0	
0.4	
15.5	
4.6	
11.09	
0.2	
0	
0.4	
0	
0	
7.3	
0	
8.99	
9.8	
0	
11.7	
9.2	
10.3	
9.5	
4.2	
0	
9.4	
0	
0	
18.99	
9.6	
0.1	
0	
0.2	
12.7	
10	
1.2	
22.89	
12.49	
0	
0	
0	
0	
2.8	
15.3	
0	
0	
0.2	
0	
10.3	
9	
0.1	
0.29	
3.01	
4.3	
1.3	
0	
9.6	
10.7	
0.3	
0.1	
0	
32.6	
0.8	
0.6	
0	
19.4	
33.3	
0	
0	
0	
12.99	
1.9	
0	
0	
0	
0	
0	
0.4	
0	
0.5	
0	
0	
0	
0	
0	
0	
0	
0	
0	
0	
0	
0	
0	
0	
0	
0	
0.02	
83.13	
10.96	
0.33	
0	
0	
0	
0.2	
0	
1.1	
0.1	
0	
0	
1.3	
0	
2.2	
0	
0	
0	
0.1	
0	
0	
0	
2.3	
0	
0	
0	
0.2	
0	
4.5	
1.2	
0	
0	
0	
0	
0	
0	
2.8	
0.4	
0.1	
0	
0	
0	
7.29	
0.1	
0	
0.02	
13.17	
0.3	
0.1	
0.1	
0	
0.8	
0	
0.7	
0	
0	
0	
0	
0	
0	
0	
0	
45.17	
0.2	
0.1	
0	
0	
0	
0	
0	
0	
0.1	
0	
0	
0.1	
0.1	
0.1	
0	
0	
0	
0	
0	
4.2	
0.6	
0	
0	
0	
0	
0.15	
45.42	
0	
3.9	
0.1	
0	
0	
0.1	
0	
0	
0.1	
0.2	
0.1	
0.1	
3.3	
0.1	
0	
0	
0	
0	
0	
0	
0	
0	
0	
0	
0	
0	
0	
0	
0	
0	
0	
0	
0.1	
0.25	
0.55	
0	
0	
0	
0	
0	
0	
0	
0	
14.2	
20.87	
13.39	
5.1	
0.1	
3.7	
3.2	
32.48	
12.39	
0	
0.1	
0.1	
0.1	
0.1	
0	
0.8	
0	
0	
0	
0.1	
0	
0	
0	
0	
0.3	
0	
0.1	
0	
0.3	
0	
0	
0	
0	
0	
0	
0	
0	
8.8	
10.99	
17.59	
0	
0.1	
3.2	
0	
0	
0	
0	
10.4	
5.3	
15.79	
7.29	
0	
0	
0	
0.4	
0.1	
0	
0	
0	
0	
0	
0	
0	
0	
0	
0	
0.4	
0	
0	
0	
0	
0	
1.6	
0	
0	
0	
0.09	
2.11	
0	
0	
0	
0.7	
0	
0	
0	
0	
7.8	
5.3	
5.9	
10.6	
0	
7.5	
0	
0	
6.9	
7.8	
4.9	
0	
7.8	
0.1	
0	
12.6	
0	
0	
0	
0	
0	
0	
0	
0	
0	
0	
0	
0	
0	
0	
0	
0	
0	
0	
0	
0	
0	
0	
0	
0	
0	
0	
0	
0	
0	
0	
0	
7.5	
4.3	
0	
0	
1.3	
0	
0	
0	
0	
0	
0	
0	
0	
0	
0	
0	
0	
0	
0	
0	
0	
0	
0	
0	
0	
0.1	
0	
0	
4.4	
0	
0.2	
0	
0	
0	
0.1	
0	
0.2	
0	
0.2	
0	
0	
0	
0.2	
0	
0	
0	
8.7	
0	
0	
10.59	
0	
0	
0	
4.1	
0	
0	
0	
0	
0	
0	
2.1	
1.5	
2.5	
0	
0	
5.9	
0	
13.4	
8.2	
0.1	
0	
0	
0	
0	
0	
0	
0	
0	
0	
0	
0	
0	
9.01	
0.79	
0	
0	
0	
6.9	
16.3	
0	
2.8	
2.9	
0	
0	
0.4	
0.5	
0	
0	
0	
0	
0	
0	
0	
2.3	
0	
17.2	
18.7	
94	
21.6	
4.6	
0	
0	
1.5	
3.5	
0.5	
0	
23	
1.65	
0.75	
0.1	
0	
1.7	
0	
0.1	
0	
0	
0	
0	
0.1	
0.1	
1	
0	
0	
0.2	
0.1	
0	
0.1	
5.9	
0	
0	
0	
0	
5.6	
2.72	
11.28	
2.3	
0	
0	
5.3	
0	
0	
0	
9.37	
9.63	
43.7	
20.04	
19.86	
0	
11.5	
3.5	
0.2	
3.8	
0.1	
0	
0	
0	
0	
0	
0.1	
1.4	
0.6	
0.1	
0	
0	
0	
0	
0	
0.1	
0.2	
2.4	
0	
0	
0	
0	
0	
0	
0.1	
0	
0.1	
0.1	
0	
0.12	
0.28	
0	
0	
0	
0.2	
0	
0	
2.6	
0.2	
0	
0.6	
0	
0	
8.9	
4.6	
0	
0.1	
17.5	
0	
0.5	
0	
0	
0	
0	
0	
0.1	
0	
0	
0	
0	
0	
0	
0.1	
0	
0	
0	
0.1	
3.5	
0	
0.9	
1.3	
51.34	
13.66	
0	
0.3	
0	
0.3	
4.6	
0	
0	
0	
0	
0	
0	
0	
0	
0	
0	
0	
0	
0	
0	
0.25	
5.15	
0	
0	
0	
0	
0	
0	
0	
0.03	
0.78	
0	
0	
0	
0	
1.9	
0	
23.3	
37.02	
0.48	
0	
0.05	
0.25	
0	
0.1	
0	
2.15	
3.85	
0	
0	
0	
0	
0	
2.8	
0.74	
112.36	
1.6	
8.8	
5.4	
0	
0	
0.5	
0	
0	
0	
0	
0	
9.1	
49.9	
11	
0	
0.1	
37.55	
0.45	
35.2	
3.1	
18.4	
0.1	
0	
0.3	
14.7	
4.8	
0.1	
0	
0	
0	
0	
0	
0	
0	
0	
15.8	
0.1	
0	
0	
0	
0	
0	
23.2	
37.2	
0.6	
0	
0	
0	
0	
0	
0	
0.2	
0	
0	
0	
0.1	
3.5	
0	
5.1	
0.7	
0.6	
0.5	
0	
12.9	
1.2	
0	
0	
0	
0	
0	
0	
0	
0	
0.8	
0	
0	
0	
0	
0.1	
0	
0.3	
0.1	
27.4	
2.2	
5.6	
3.4	
0.2	
0	
0	
0	
0	
0	
0.2	
0	
0	
0.5	
0	
0.2	
0	
0.7	
0	
0	
2	
0	
1.3	
0.1	
0.7	
0.2	
0	
19.5	
0	
0.5	
0.6	
0	
0.2	
0.5	
0	
0.8	
0.9	
0	
0.8	
0.4	
1.1	
0.3	
0	
0.1	
0.8	
0	
0.4	
0.6	
1.1	
1.2	
0.2	
0	
4	
1.6	
0.1	
0	
2.6	
8.5	
0	
0	
0.5	
0.5	
0	
0	
0	
1.2	
0	
0	
4	
6.6	
0.1	
0	
0	
0	
0	
0	
0	
0	
0	
0	
0	
0	
0	
0	
0	
0	
0	
0	
0	
0	
0	
0	
0	
0	
0	
5.7	
4.4	
0	
1.4	
4	
0.2	
0	
0	
0	
0.1	
0.2	
0	
0	
0	
0.66	
11.24	
0.1	
0	
0	
8.8	
26	
1.6	
0.1	
0	
0	
0	
0	
0	
0	
0.6	
0	
0	
0	
0	
0	
0	
0	
0	
0	
0	
0	
0	
0	
0.1	
0.1	
0	
0	
0	
0.1	
13.8	
0.1	
9.5	
0	
0	
5.2	
1	
0	
22.2	
25.3	
8.4	
0	
0	
0	
0	
0	
0.1	
0	
0	
0	
0	
0	
0	
0	
0	
0.1	
1.8	
0	
0	
0.2	
0	
0	
0	
0.1	
0	
0	
0.1	
0.1	
0.3	
0	
0	
0.3	
0	
0.2	
0.3	
0.27	
0.2	
0.1	
0.1	
0.1	
0.1	
0.2	
-99	
-99	
-99	
-99	
0.2	
-99	
-99	
-99	
-99	
0.1	
-99	
-99	
-99	
-99	
-99	
-99	
-99	
15.63	
43.09	
44.3	
7.1	
-99	
0.2	
0.1	
4.9	
-99	
-99	
-99	
-99	
-99	
0.6	
-99	
-99	
-99	
-99	
-99	
-99	
0.3	
-99	
-99	
-99	
-99	
4.5	
-99	
-99	
-99	
-99	
-99	
-99	
-99	
0.3	
0.1	
-99	
-99	
-99	
-99	
0.4	
-99	
-99	
0.1	
0.3	
0	
0	
0.1	
0	
0	
12.5	
0.1	
5.6	
7.7	
0.1	
0	
0	
0.1	
0	
0	
0.1	
0	
5.5	
0	
0	
0	
0.5	
0	
0	
2.6	
8.8	
0	
1.7	
0.4	
0.9	
0.3	
0	
0	
1.7	
0	
1.1	
1	
0	
0	
0	
0	
0.6	
0	
8.3	
0.1	
0	
0	
0	
0.1	
0.7	
0	
0	
0.06	
1.04	
0	
1	
52.6	
0	
0	
0	
0	
0.1	
0	
0	
0	
0.1	
0.1	
0	
0	
0	
0	
0	
0.2	
0	
0	
4.1	
0.3	
0	
0	
0	
0	
8.4	
0	
0	
4.4	
0	
0	
0	
0.1	
0.1	
0.6	
0	
0	
0.3	
0.1	
0	
0.4	
0.1	
0	
0	
2.5	
2.2	
0	
0	
0.5	
0.1	
1.1	
0.1	
2.3	
14.1	
0.1	
0	
0	
0.4	
0	
0.1	
0	
0.3	
1.7	
0	
0	
1.2	
0.3	
0.1	
0	
0.7	
0	
0	
0	
0	
2.4	
0.4	
6.2	
0.1	
0	
2.1	
0.3	
0	
0.1	
0.1	
0.1	
0.3	
1.8	
0.6	
0.03	
0.67	
0	
0	
0	
1.9	
0	
25	
0	
0	
0	
0	
0	
0.3	
0.5	
0	
0.9	
0	
0	
0	
0.33	
0.38	
0	
4.1	
11.1	
21.2	
23.2	
0.1	
0	
0.2	
0	
3.6	
0	
0	
0	
0.9	
0	
0	
0	
0	
0	
0	
0	
13.4	
0	
0	
0	
0	
0	
5.5	
2.6	
0	
0	
2	
0	
0.1	
0	
0	
0	
7	
21.6	
81.2	
15.4	
16.9	
0.1	
0.15	
36.9	
0	
0.1	
0	
0	
0	
0.2	
0	
0.1	
0	
0.1	
0	
0	
0	
0.1	
0	
0	
0	
0	
0	
0	
0.1	
19.3	
1.5	
0	
3.4	
28.2	
34.1	
0.1	
0	
0	
0	
0	
0	
0	
0	
0	
0	
2.37	
1.13	
0.1	
0.1	
0.1	
0	
0.1	
0	
4.8	
0.1	
0	
0.1	
0	
0	
0	
0	
0	
0	
0	
0	
0.3	
0.1	
0	
0	
0	
0.1	
0.1	
0.2	
0.2	
0	
0.2	
0.1	
0	
0	
0	
0	
0	
10	
0	
0	
0	
2.5	
2.2	
8.5	
4.7	
0	
0.09	
0.11	
0.1	
3.1	
0.2	
0	
0.9	
0.1	
0	
0	
0	
0	
0	
0	
0	
0.1	
0.2	
10.2	
33.95	
34.85	
10.8	
0.4	
0	
0.2	
0	
0	
0	
0	
0	
0.2	
0	
0	
0	
0.1	
0	
0	
0	
6.8	
0.1	
-99	
-99	
-99	
-99	
-99	
-99	
-99	
-99	
3.4	
0.15	
0.1	
0.3	
-99	
-99	
-99	
1.7	
-99	
1.3	
-99	
6.2	
0.1	
4.1	
-99	
-99	
-99	
-99	
-99	
-99	
4.3	
9.9	
-99	
0.1	
6.4	
0.1	
0	
0	
0	
0	
0	
0	
0	
0	
0	
0.8	
0.1	
0	
17.3	
0.1	
0	
0	
0	
0	
0	
0	
0	
0	
0	
0.43	
1.57	
0	
0	
0.2	
0	
0	
0	
0	
0	
0	
0	
0	
0	
0	
0	
0	
0	
0	
0	
0	
0	
10.5	
0	
0	
0	
0.8	
1.5	
0	
0	
0	
0	
0	
0	
0	
0	
0	
0.8	
0	
0	
1	
0	
0	
0	
0	
3.9	
0	
0.6	
0	
0	
0	
0	
0	
0	
0	
0.1	
0	
0	
0	
0	
0.1	
0	
0	
0	
0	
0	
0	
0	
0	
0	
0	
0	
0	
0	
1.2	
0	
0	
0	
0	
0	
0	
1.6	
0	
0	
0	
0	
0.5	
0.4	
0.3	
0.7	
0	
0	
0	
0	
0	
0.5	
0.38	
0.23	
1.2	
0	
0.1	
0.4	
0	
9.9	
0	
0.3	
0	
0	
0.4	
0.35	
1.95	
0	
0.4	
0.7	
0	
0.2	
0	
0	
16.4	
0.5	
0	
18.8	
0.1	
0	
0	
0	
0.3	
0	
0.1	
0.9	
16.3	
4.1	
0.1	
0	
0	
0	
1.7	
0	
0	
0	
0	
0	
0	
0	
0	
0	
0.1	
0	
0	
1.2	
216	
31.7	
0	
1.1	
0.1	
0.1	
0	
0	
0.1	
0.3	
4.9	
0.55	
0.65	
0	
0	
0	
0	
0	
0	
0	
0	
0.1	
0	
0	
0	
0	
0	
0	
4	
18.9	
0.1	
0	
0	
0.1	
0	
17.38	
0.12	
0.4	
0.1	
0	
0	
0	
0	
0	
0	
0	
0	
0	
0	
0	
0	
0	
0	
0	
0	
0.1	
0	
0.1	
0.1	
0	
0.1	
0	
0	
0.1	
0	
0.3	
0	
0	
0	
0	
0.1	
0	
0	
0	
0	
0	
0	
0	
0	
0.1	
0	
0	
0	
0	
6	
0	
4.3	
0	
0	
0.1	
0.3	
0	
0.1	
16.8	
1.2	
0.2	
0	
0	
0	
0	
0	
0	
0	
0	
0	
0	
0	
0.2	
0.3	
0	
0	
0	
0.1	
0	
0	
0	
0.1	
0	
0	
0	
0	
0	
0	
0.1	
0	
0	
0	
0	
0	
0	
0.1	
0	
3	
0	
0	
0	
0	
0	
0	
9.9	
2.6	
0	
0.1	
0	
0.1	
0.15	
1.15	
0	
2.9	
0.2	
0	
0	
9.4	
0.1	
1.1	
0.1	
0.1	
39.6	
6.6	
0	
0	
0	
0	
1.6	
0.1	
1.6	
0.1	
0	
0	
0	
0	
0	
0	
0	
0	
5	
0.2	
0	
0	
0	
0	
0.1	
0	
0	
0	
0	
0	
10.2	
0	
0	
0	
0	
0.2	
0	
0.5	
0	
4.92	
4.58	
9.3	
0.6	
0.2	
1.8	
33.8	
0.8	
1.9	
0	
0	
0	
0.6	
3.6	
3.9	
20.1	
0	
0	
0	
0	
0	
0	
0	
0	
0	
0	
0	
0	
0	
0	
0	
0	
0	
0	
19.6	
3.1	
9.8	
2.3	
0	
0	
0	
0	
0	
0	
0	
0	
0	
23.9	
0.1	
0.1	
0	
0	
0.1	
0	
0.6	
0	
0	
0	
0	
9.5	
4.8	
1.8	
0	
0	
8.9	
0.8	
0	
0	
0	
0	
0.8	
0	
0	
0	
0	
0	
0	
0.6	
0	
0.2	
0	
0	
0.2	
0.1	
0	
0	
0.2	
0.5	
0	
0	
2.4	
1.4	
0	
0	
1.3	
1.06	
0.04	
0	
2.6	
0	
0	
0.1	
0.7	
0.2	
0.1	
0	
0	
0	
0.2	
0.1	
0	
0	
0.6	
0	
0	
0.2	
0.8	
0	
0	
0	
0	
0	
3.3	
0	
10.6	
10.8	
0.1	
13.8	
14	
0	
0	
20.7	
2.2	
6.9	
0	
0	
8.6	
0	
0.1	
3.8	
0	
9	
0	
11	
11.9	
0.1	
8.9	
0	
0.1	
0	
0.1	
0	
0	
0	
0	
0.1	
13.2	
0.1	
0	
12	
6.8	
0	
0	
0	
0	
0	
0	
0	
0	
0	
0.4	
0	
0	
0	
0	
0	
0	
0	
0	
0	
0.9	
0	
0	
0	
0	
0	
0	
0	
0	
0.4	
3.5	
14	
0	
0	
5.5	
0.1	
0.9	
0	
0	
0.1	
0	
0.1	
0	
0.2	
0	
0	
0	
0	
0	
0	
0	
0.2	
0.2	
0	
0	
0	
0	
0	
0	
0	
0	
0	
0	
0	
0	
0	
0	
0	
0	
0	
0	
0	
0	
0	
0	
0	
0	
0	
0	
14.37	
0.63	
0	
0	
0	
0	
0	
0	
0	
0	
0	
0	
0	
0	
0	
0	
0.5	
0	
0	
0	
0	
0	
0	
8.1	
0.7	
0	
1.1	
0.2	
0.2	
23.7	
30.8	
1	
0	
0.1	
0	
0.1	
0.1	
0.2	
0	
0	
0.1	
0	
37.3	
6.2	
0.3	
0	
0	
0	
0.3	
0	
1.97	
4.63	
0	
0	
0	
0	
0	
0	
0	
0	
0	
0	
0	
0	
0	
0	
0	
0	
0	
0	
0	
1.3	
0.1	
2.7	
3.4	
0.1	
0	
0	
0	
0.1	
0.1	
0	
0	
0	
0	
0.1	
0.1	
0	
1.5	
8.33	
8.57	
0.1	
0	
0	
0.1	
1.5	
0.1	
0	
0.1	
0	
0	
0	
0	
0.2	
0	
0	
0	
0	
15.5	
0.1	
0	
0	
0	
0	
0	
0	
0	
0	
1.3	
0	
0	
11.2	
0	
0.5	
0	
4.4	
0.1	
0	
0	
10.55	
3.15	
0	
0	
0	
0	
0	
0	
0	
0	
0	
3.7	
5.5	
0	
2.01	
10.49	
0.1	
0	
5.5	
4.4	
0	
0.6	
14.4	
0.1	
0.7	
0.1	
0	
0	
0	
7.83	
0.17	
2.4	
0.1	
0	
0	
0	
0	
0	
0	
0	
17	
15.5	
0.2	
2.5	
0	
0	
0	
4.3	
0.4	
9.6	
0	
0	
0	
1.2	
0.1	
3.1	
22	
4.4	
15.6	
0	
0	
0	
0	
10	
4.2	
6.7	
0	
2.5	
0.3	
0	
0	
0	
0	
0	
0	
48.9	
0.3	
1.5	
0.4	
3.2	
0	
0	
0	
0	
0	
0	
0	
0	
0	
4	
0	
0	
0.7	
0	
0.1	
0	
0	
0.2	
0	
0	
0.1	
0	
0	
0	
25.6	
0.3	
0	
0	
0	
0.3	
1.3	
0.4	
0	
0.9	
1.3	
0	
0	
0.4	
6.3	
0	
0	
0.3	
0	
0	
0	
0	
0.3	
0	
0.3	
5.9	
0	
0	
0.8	
0	
0	
0.1	
0	
11.4	
6.6	
0	
0	
0	
0	
0.4	
0	
31.9	
0	
0	
0	
0	
0	
0	
0	
0.1	
0	
1	
0.1	
0	
0	
0.1	
2.3	
0	
0	
0	
0	
13	
0.7	
0.3	
0	
0	
0	
0	
0.2	
0	
0	
0	
0	
0	
0	
0	
0	
0	
0	
0	
0	
0	
0	
0	
0	
0	
0	
0	
7.1	
0	
0	
0	
0	
0.1	
0	
0	
0.7	
2.2	
7	
0.1	
0	
0	
0	
0	
2.2	
0	
0	
0	
10.4	
0	
0	
2.6	
1.4	
38	
0	
0	
0	
1.1	
0	
0	
0.1	
0	
0	
5.3	
0	
0	
0	
0	
0	
0	
0	
0	
0	
0	
0	
2.6	
0.1	
0.2	
2.12	
0.17	
0.8	
0	
0	
0	
0	
0	
0	
0	
0	
0	
15.1	
0	
0	
0	
0.53	
2.77	
0.2	
1.6	
0	
0	
0	
0	
0	
0	
0.1	
0.3	
0.2	
56.7	
20.9	
34.8	
6.4	
0	
0	
0	
0	
0	
0	
0.1	
2.1	
0	
0	
6.1	
4.7	
0	
0.1	
0.4	
0	
0.1	
0	
0	
0.1	
0.1	
0.4	
0	
0.3	
3.8	
0.1	
0	
0	
0	
0.1	
0	
0.2	
21.85	
9.55	
1.6	
21.5	
0.1	
0	
0.1	
0	
0	
0	
1.8	
0	
0	
0	
0	
0	
0	
0	
0	
0	
0	
0	
0	
0	
0	
0	
0	
0.1	
0.4	
4.2	
9.8	
0.5	
0.8	
0	
0	
0	
0	
0	
0	
0	
0	
0	
0	
0	
0	
0	
0	
0	
0	
0	
0	
0	
0	
0	
0	
0	
11.16	
0.84	
0	
12.2	
1.3	
2.7	
1.2	
0	
0	
0	
5.7	
7	
0	
0.1	
14.9	
9.7	
0	
0	
0.3	
1.2	
3.8	
0	
0	
4.87	
0.22	
0	
0.1	
0	
1.4	
14.36	
1.24	
15.8	
9.9	
7.47	
0.73	
0	
0	
0.4	
0	
0	
0	
0	
0	
0.1	
0	
0	
0	
21	
0	
0	
0	
0	
0	
0	
0	
0	
0	
0	
0	
0.1	
0	
0	
0	
0	
1.2	
0.2	
0	
0	
0	
2.3	
0.1	
0	
1.1	
0.4	
0	
0	
0	
0	
0	
0	
0	
0	
0	
7.5	
0	
0	
0	
0	
0.2	
0	
15.8	
0	
0	
0	
0.5	
0.7	
0	
0	
11.2	
11.8	
3.11	
0.69	
2	
0	
0	
0	
0	
0	
2.26	
0.34	
0	
0.3	
0	
0	
0	
0.3	
0	
0	
0	
0	
0	
0	
0	
0	
0	
0	
0	
6.5	
0	
0	
0	
0	
0.6	
0	
0.5	
0	
0	
0	
0	
0	
0	
0	
0	
0	
0	
0	
0	
0	
0	
0	
1.1	
0	
0	
0	
0	
1.1	
0	
3.4	
0.3	
0	
0	
0	
0	
0	
0	
0	
0	
0	
0	
0.2	
16.1	
0.1	
0	
0.4	
15	
0	
0	
0	
0	
0	
0	
0	
0.1	
0	
0	
0	
0	
0	
0	
0	
0	
0	
0	
0	
0.3	
0	
0.3	
0	
0	
0	
0	
0	
0	
0	
0	
0	
5.04	
14.76	
15	
0	
0	
0	
0	
0	
0	
0	
0	
0	
0	
3.2	
0	
12	
7.7	
0.1	
8.3	
0.1	
0	
0	
0	
0	
0	
0	
0	
0	
0	
0.1	
0	
0	
0	
0	
0	
0	
0	
0	
0	
0	
1	
2.6	
0.1	
0	
0	
0	
0	
0	
0	
0	
0	
0	
0	
0.1	
0	
0	
0	
0	
0	
0	
0	
0	
0	
3.9	
0.7	
1	
0	
1.9	
0	
0	
0	
0	
0	
4.9	
0	
0	
0.95	
11.15	
0	
17.5	
0	
0	
0	
0	
3.5	
0	
0.6	
0	
0	
0	
0	
0	
1.4	
0.1	
0	
0	
0	
0	
0	
0	
0	
0	
0	
0.58	
0.32	
0	
0.1	
8.1	
0.6	
0.2	
0	
21.8	
12.4	
0	
0	
0	
0	
0	
2.9	
15.3	
0.1	
5.3	
16	
0	
0	
0	
0	
0	
0	
0	
0	
0	
0	
2.3	
26.2	
0.8	
4.9	
0	
2.9	
29.5	
9	
0	
0	
0	
0	
0	
0	
0	
0	
0	
0	
0	
0.93	
7.37	
0	
0	
0.3	
0	
0	
0	
0	
0	
0	
2.3	
0.1	
0	
7.5	
0.1	
0	
1.7	
0	
0	
0	
0	
5.5	
0	
0	
0.1	
0	
0	
0	
0	
0	
0	
0.06	
1.34	
0	
0	
0	
0	
0	
0	
0	
4.6	
5.31	
23.79	
47.35	
10.68	
0.96	
0	
0	
1.4	
0	
0	
6.3	
7.03	
0.17	
0	
0	
0	
0	
0	
0	
0	
0	
0	
0	
0	
0	
0	
2.7	
0	
0	
0	
0	
0	
0	
0	
0	
0	
0	
0	
0	
0.1	
2.1	
0	
0	
2.6	
0.1	
0	
0.2	
2.29	
10.21	
0	
0	
0	
0	
0	
0.1	
0.5	
0	
0.7	
0.7	
0	
0	
0	
0	
5	
0	
0	
0	
0	
0.2	
0	
0	
0	
0.2	
0.3	
0	
0	
0.2	
1.4	
0	
0	
0.1	
0	
2.2	
0.9	
0	
0.3	
0.5	
0	
0.2	
2.14	
0.06	
0	
3.4	
0.1	
0	
0	
0	
0	
0	
9.5	
0.1	
0	
22.9	
0.1	
2	
0.4	
0	
0	
0	
2.2	
0.5	
0	
0	
0	
0	
0	
0	
0	
0	
0	
0	
0	
0	
0	
0	
0	
0	
0	
12.5	
5.1	
0.1	
0	
-99	
-99	
1.2	
-99	
-99	
0.1	
16.5	
-99	
-99	
-99	
6.5	
-99	
-99	
0.6	
-99	
-99	
-99	
0	
-99	
-99	
-99	
-99	
-99	
-99	
-99	
-99	
-99	
-99	
-99	
27.4	
27	
3.8	
4.6	
-99	
-99	
-99	
-99	
-99	
-99	
-99	
-99	
0	
0	
0	
0	
0	
0	
0	
0	
0	
0.3	
0	
0	
0	
0	
0	
0	
10.1	
1.5	
0	
0	
0	
0	
0	
0	
4.1	
0	
0.1	
0	
0	
0	
1.2	
0	
0	
0	
0	
0	
1.7	
0	
1.1	
17.3	
0	
0	
0.1	
0	
0	
0	
0	
0	
0	
0	
0	
0	
0	
0	
0	
0	
1	
0	
0	
0	
1	
9.5	
7.3	
0.4	
0	
0	
0	
0	
0	
0	
0	
0	
0	
0	
0	
0	
0	
0	
0	
1.4	
0.1	
0	
0.1	
0	
0	
0.1	
0.1	
0	
0.1	
0	
0	
1.1	
0	
0	
0	
0	
0	
4.4	
9	
27.6	
4.3	
0.2	
0	
0	
0	
0	
0	
0.1	
0	
0	
0.1	
0	
0	
0	
0	
0.4	
0	
0	
13.6	
0	
0	
0.1	
1.1	
0.7	
0	
0	
0	
0	
0	
0	
0	
0.4	
0.9	
7.7	
0.1	
0	
0.1	
0.7	
0	
0	
0	
53.6	
1.1	
31.4	
38.2	
11.1	
0.5	
0	
0	
0	
0	
0.3	
0.1	
0	
0	
0.6	
1	
7	
1.2	
0.1	
0.8	
-99	
-99	
-99	
-99	
-99	
-99	
-99	
-99	
-99	
-99	
-99	
-99	
-99	
-99	
-99	
-99	
-99	
-99	
-99	
-99	
-99	
-99	
-99	
-99	
-99	
-99	
-99	
-99	
-99	
-99	
-99	
-99	
-99	
-99	
-99	
-99	
-99	
-99	
-99	
-99	
-99	
-99	
-99	
-99	
-99	
-99	
-99	
-99	
-99	
-99	
-99	
-99	
-99	
-99	
-99	
-99	
-99	
-99	
-99	
-99	
-99	
-99	
-99	
-99	
-99	
-99	
-99	
-99	
-99	
-99	
-99	
-99	
-99	
-99	
-99	
-99	
-99	
-99	
-99	
-99	
-99	
-99	
-99	
-99	
-99	
-99	
-99	
-99	
-99	
-99	
-99	
-99	
-99	
-99	
-99	
-99	
-99	
-99	
-99	
-99	
-99	
-99	
-99	
-99	
-99	
-99	
-99	
-99	
-99	
-99	
-99	
-99	
-99	
-99	
-99	
-99	
-99	
-99	
-99	
-99	
-99	
-99	
-99	
-99	
-99	
-99	
-99	
-99	
-99	
-99	
-99	
-99	
-99	
-99	
-99	
-99	
-99	
-99	
-99	
-99	
-99	
-99	
-99	
-99	
-99	
-99	
-99	
-99	
-99	
-99	
-99	
-99	
-99	
-99	
-99	
-99	
-99	
-99	
-99	
-99	
-99	
-99	
-99	
-99	
-99	
-99	
-99	
-99	
-99	
-99	
-99	
-99	
-99	
-99	
-99	
-99	
-99	
-99	
-99	
-99	
-99	
-99	
-99	
-99	
-99	
-99	
-99	
-99	
-99	
-99	
-99	
-99	
-99	
-99	
-99	
-99	
-99	
-99	
-99	
-99	
-99	
-99	
-99	
-99	
-99	
-99	
-99	
-99	
-99	
-99	
-99	
-99	
-99	
-99	
-99	
-99	
-99	
-99	
-99	
-99	
-99	
-99	
-99	
-99	
-99	
-99	
-99	
-99	
-99	
-99	
-99	
-99	
-99	
-99	
-99	
-99	
-99	
-99	
-99	
-99	
-99	
-99	
-99	
-99	
-99	
-99	
-99	
-99	
-99	
-99	
-99	
-99	
-99	
-99	
-99	
-99	
-99	
-99	
-99	
-99	
-99	
-99	
-99	
-99	
-99	
-99	
-99	
-99	
-99	
-99	
-99	
-99	
-99	
-99	
-99	
-99	
-99	
-99	
-99	
-99	
-99	
-99	
-99	
-99	
-99	
-99	
-99	
-99	
-99	
-99	
-99	
-99	
-99	
-99	
-99	
-99	
-99	
-99	
-99	
-99	
-99	
-99	
-99	
-99	
-99	
-99	
-99	
-99	
-99	
-99	
-99	
-99	
-99	
-99	
-99	
-99	
-99	
-99	
-99	
-99	
-99	
-99	
-99	
-99	
-99	
-99	
-99	
-99	
-99	
-99	
-99	
-99	
-99	
-99	
-99	
-99	
-99	
-99	
-99	
-99	
-99	
-99	
-99	
-99	
-99	
-99	
-99	
-99	
-99	
-99	
-99	
-99	
-99	
-99	
-99	
-99	
-99	
-99	
-99	
-99	
-99	
-99	
-99	
-99	
-99	
-99	
-99	
-99	
-99	
-99	
-99	
-99	
-99	
-99	
-99	
-99	
-99	
-99	
-99	
-99	
-99	
-99	
-99	
-99	
-99	
-99	
-99	
-99	
-99	
-99	
-99	
-99	
-99	
-99	
-99	
-99	
-99	
-99	
-99	
-99	
-99	
-99	
-99	
-99	
-99	
-99	
-99	
-99	
-99	
-99	
-99	
-99	
-99	
-99	
-99	
-99	
-99	
-99	
-99	
-99	
-99	
-99	
-99	
-99	
-99	
-99	
-99	
-99	
-99	
-99	
-99	
-99	
-99	
-99	
-99	
-99	
-99	
-99	
-99	
-99	
-99	
-99	
-99	
-99	
-99	
-99	
-99	
-99	
-99	
-99	
-99	
-99	
-99	
-99	
-99	
-99	
-99	
-99	
-99	
-99	
-99	
-99	
-99	
-99	
-99	
-99	
-99	
-99	
-99	
-99	
-99	
-99	
-99	
-99	
-99	
-99	
-99	
-99	
-99	
-99	
-99	
-99	
-99	
-99	
-99	
-99	
-99	
-99	
-99	
-99	
-99	
-99	
-99	
-99	
-99	
-99	
-99	
-99	
-99	
-99	
-99	
-99	
-99	
-99	
-99	
-99	
-99	
-99	
-99	
-99	
-99	
-99	
-99	
-99	
-99	
-99	
-99	
-99	
-99	
-99	
-99	
-99	
-99	
-99	
-99	
-99	
-99	
-99	
-99	
-99	
-99	
-99	
-99	
-99	
-99	
-99	
-99	
-99	
-99	
-99	
-99	
-99	
-99	
-99	
-99	
-99	
-99	
-99	
-99	
-99	
-99	
-99	
-99	
-99	
-99	
-99	
-99	
-99	
-99	
-99	
-99	
-99	
-99	
-99	
-99	
-99	
-99	
-99	
-99	
-99	
-99	
-99	
-99	
-99	
-99	
-99	
-99	
-99	
-99	
-99	
-99	
-99	
-99	
-99	
-99	
-99	
-99	
-99	
-99	
-99	
-99	
-99	
-99	
-99	
-99	
-99	
-99	
-99	
-99	
-99	
-99	
-99	
-99	
-99	
-99	
-99	
-99	
-99	
-99	
-99	
-99	
-99	
-99	
-99	
-99	
-99	
-99	
-99	
-99	
-99	
-99	
-99	
-99	
-99	
-99	
-99	
-99	
-99	
-99	
-99	
-99	
-99	
-99	
-99	
-99	
-99	
-99	
-99	
-99	
-99	
-99	
-99	
-99	
-99	
-99	
-99	
-99	
-99	
-99	
-99	
-99	
-99	
-99	
-99	
-99	
-99	
-99	
-99	
-99	
-99	
-99	
-99	
-99	
-99	
-99	
-99	
-99	
-99	
-99	
-99	
-99	
-99	
-99	
-99	
-99	
-99	
-99	
-99	
-99	
-99	
-99	
-99	
-99	
-99	
-99	
-99	
-99	
-99	
-99	
-99	
-99	
-99	
-99	
-99	
-99	
-99	
-99	
-99	
-99	
-99	
-99	
-99	
-99	
-99	
-99	
-99	
-99	
-99	
-99	
-99	
-99	
-99	
-99	
-99	
-99	
-99	
-99	
-99	
-99	
-99	
-99	
-99	
-99	
-99	
-99	
-99	
-99	
-99	
-99	
-99	
-99	
-99	
-99	
-99	
-99	
-99	
-99	
-99	
-99	
-99	
-99	
-99	
-99	
-99	
-99	
-99	
-99	
-99	
-99	
-99	
-99	
-99	
-99	
-99	
-99	
-99	
-99	
-99	
-99	
-99	
-99	
-99	
-99	
-99	
-99	
-99	
-99	
-99	
-99	
-99	
-99	
-99	
-99	
-99	
-99	
-99	
-99	
-99	
-99	
-99	
-99	
-99	
-99	
-99	
-99	
-99	
-99	
-99	
-99	
-99	
-99	
-99	
-99	
-99	
-99	
-99	
-99	
-99	
-99	
-99	
-99	
-99	
-99	
-99	
-99	
-99	
-99	
-99	
-99	
-99	
-99	
-99	
-99	
-99	
-99	
-99	
-99	
-99	
-99	
-99	
-99	
-99	
-99	
-99	
-99	
-99	
-99	
-99	
-99	
-99	
-99	
-99	
-99	
-99	
-99	
-99	
-99	
-99	
-99	
-99	
-99	
-99	
-99	
-99	
-99	
-99	
-99	
-99	
-99	
-99	
-99	
-99	
-99	
-99	
-99	
-99	
-99	
-99	
-99	
-99	
-99	
-99	
-99	
-99	
-99	
-99	
-99	
-99	
-99	
-99	
-99	
-99	
-99	
-99	
-99	
-99	
-99	
-99	
-99	
-99	
-99	
-99	
-99	
-99	
-99	
-99	
-99	
-99	
-99	
-99	
-99	
-99	
-99	
-99	
-99	
-99	
-99	
-99	
-99	
-99	
-99	
-99	
-99	
-99	
-99	
-99	
-99	
-99	
-99	
-99	
-99	
-99	
-99	
-99	
-99	
-99	
-99	
-99	
-99	
-99	
-99	
-99	
-99	
-99	
-99	
-99	
-99	
-99	
-99	
-99	
-99	
-99	
-99	
-99	
-99	
-99	
-99	
-99	
-99	
-99	
-99	
-99	
-99	
-99	
-99	
-99	
-99	
-99	
-99	
-99	
-99	
-99	
-99	
-99	
-99	
-99	
-99	
-99	
-99	
-99	
-99	
-99	
-99	
-99	
-99	
-99	
-99	
-99	
-99	
-99	
-99	
-99	
-99	
-99	
-99	
-99	
-99	
-99	
-99	
-99	
-99	
-99	
-99	
-99	
-99	
-99	
-99	
-99	
-99	
-99	
-99	
-99	
-99	
-99	
-99	
-99	
-99	
-99	
-99	
-99	
-99	
-99	
-99	
-99	
-99	
-99	
-99	
-99	
-99	
-99	
-99	
-99	
-99	
-99	
-99	
-99	
-99	
-99	
-99	
-99	
-99	
-99	
-99	
-99	
-99	
-99	
-99	
-99	
-99	
-99	
-99	
-99	
-99	
-99	
-99	
-99	
-99	
-99	
-99	
-99	
-99	
-99	
-99	
-99	
-99	
-99	
-99	
-99	
-99	
-99	
-99	
-99	
-99	
-99	
-99	
-99	
-99	
-99	
-99	
-99	
-99	
-99	
-99	
-99	
-99	
-99	
-99	
-99	
-99	
-99	
-99	
-99	
-99	
-99	
-99	
-99	
-99	
-99	
-99	
-99	
-99	
-99	
-99	
-99	
-99	
-99	
-99	
-99	
-99	
-99	
-99	
-99	
-99	
-99	
-99	
-99	
-99	
-99	
-99	
-99	
-99	
-99	
-99	
-99	
-99	
-99	
-99	
-99	
-99	
-99	
-99	
-99	
-99	
-99	
-99	
-99	
-99	
-99	
-99	
-99	
-99	
-99	
-99	
-99	
-99	
-99	
-99	
-99	
-99	
-99	
-99	
-99	
-99	
-99	
-99	
-99	
-99	
-99	
-99	
-99	
-99	
-99	
-99	
-99	
-99	
-99	
-99	
-99	
-99	
-99	
-99	
-99	
-99	
-99	
-99	
-99	
-99	
-99	
-99	
-99	
-99	
-99	
-99	
-99	
-99	
-99	
-99	
-99	
-99	
-99	
-99	
-99	
-99	
-99	
-99	
-99	
-99	
-99	
-99	
-99	
-99	
-99	
-99	
-99	
-99	
-99	
-99	
-99	
-99	
-99	
-99	
-99	
-99	
-99	
-99	
-99	
-99	
-99	
-99	
-99	
-99	
-99	
-99	
-99	
-99	
-99	
-99	
-99	
-99	
-99	
-99	
-99	
-99	
-99	
-99	
-99	
-99	
-99	
-99	
-99	
-99	
-99	
-99	
-99	
-99	
-99	
-99	
-99	
-99	
-99	
-99	
-99	
-99	
-99	
-99	
-99	
-99	
-99	
-99	
-99	
-99	
-99	
-99	
-99	
-99	
-99	
-99	
-99	
-99	
-99	
-99	
-99	
-99	
-99	
-99	
-99	
-99	
-99	
-99	
-99	
-99	
-99	
-99	
-99	
-99	
-99	
-99	
-99	
-99	
-99	
-99	
-99	
-99	
-99	
-99	
-99	
-99	
-99	
-99	
-99	
-99	
-99	
-99	
-99	
-99	
-99	
-99	
-99	
-99	
-99	
-99	
-99	
-99	
-99	
-99	
-99	
-99	
-99	
-99	
-99	
-99	
-99	
-99	
-99	
-99	
-99	
-99	
-99	
-99	
-99	
-99	
-99	
-99	
-99	
-99	
-99	
-99	
-99	
-99	
-99	
-99	
-99	
-99	
-99	
-99	
-99	
-99	
-99	
-99	
-99	
-99	
-99	
-99	
-99	
-99	
-99	
-99	
-99	
-99	
-99	
-99	
-99	
-99	
-99	
-99	
-99	
-99	
-99	
-99	
-99	
-99	
-99	
-99	
-99	
-99	
-99	
-99	
-99	
-99	
-99	
-99	
-99	
-99	
-99	
-99	
-99	
-99	
-99	
-99	
-99	
-99	
-99	
-99	
-99	
-99	
-99	
-99	
-99	
-99	
-99	
-99	
-99	
-99	
-99	
-99	
-99	
-99	
-99	
-99	
-99	
-99	
-99	
-99	
-99	
-99	
-99	
-99	
-99	
-99	
-99	
-99	
-99	
-99	
-99	
-99	
-99	
-99	
-99	
-99	
-99	
-99	
-99	
-99	
-99	
-99	
-99	
-99	
-99	
-99	
-99	
-99	
-99	
-99	
-99	
-99	
-99	
-99	
-99	
-99	
-99	
-99	
-99	
-99	
-99	
-99	
-99	
-99	
-99	
-99	
-99	
-99	
-99	
-99	
-99	
-99	
-99	
-99	
-99	
-99	
-99	
-99	
-99	
-99	
-99	
-99	
-99	
-99	
-99	
-99	
-99	
-99	
-99	
-99	
-99	
-99	
-99	
-99	
-99	
-99	
-99	
-99	
-99	
-99	
-99	
-99	
-99	
-99	
-99	
-99	
-99	
-99	
-99	
-99	
-99	
-99	
-99	
-99	
-99	
-99	
-99	
-99	
-99	
-99	
-99	
-99	
-99	
-99	
-99	
-99	
-99	
-99	
-99	
-99	
-99	
-99	
-99	
-99	
-99	
-99	
-99	
-99	
-99	
-99	
-99	
-99	
-99	
-99	
-99	
-99	
-99	
-99	
-99	
-99	
-99	
-99	
-99	
-99	
-99	
-99	
-99	
-99	
-99	
-99	
-99	
-99	
-99	
-99	
-99	
-99	
-99	
-99	
-99	
-99	
-99	
-99	
-99	
-99	
-99	
-99	
-99	
-99	
-99	
-99	
-99	
-99	
-99	
-99	
-99	
-99	
-99	
-99	
-99	
-99	
-99	
-99	
-99	
-99	
-99	
-99	
-99	
-99	
-99	
-99	
-99	
-99	
-99	
-99	
-99	
-99	
-99	
-99	
-99	
-99	
-99	
-99	
-99	
-99	
-99	
-99	
-99	
-99	
-99	
-99	
-99	
-99	
-99	
-99	
-99	
-99	
-99	
-99	
-99	
-99	
-99	
-99	
-99	
-99	
-99	
-99	
-99	
-99	
-99	
-99	
-99	
-99	
-99	
-99	
-99	
-99	
-99	
-99	
-99	
-99	
-99	
-99	
-99	
-99	
-99	
-99	
-99	
-99	
-99	
-99	
-99	
-99	
-99	
-99	
-99	
-99	
-99	
-99	
-99	
-99	
-99	
-99	
-99	
-99	
-99	
-99	
-99	
-99	
-99	
-99	
-99	
-99	
-99	
-99	
-99	
-99	
-99	
-99	
-99	
-99	
-99	
-99	
-99	
-99	
-99	
-99	
-99	
-99	
-99	
-99	
-99	
-99	
-99	
-99	
-99	
-99	
-99	
-99	
-99	
-99	
-99	
-99	
-99	
-99	
-99	
-99	
-99	
-99	
-99	
-99	
-99	
-99	
-99	
-99	
-99	
-99	
-99	
-99	
-99	
-99	
-99	
-99	
-99	
-99	
-99	
-99	
-99	
-99	
-99	
-99	
-99	
-99	
-99	
-99	
-99	
-99	
-99	
-99	
-99	
-99	
-99	
-99	
-99	
-99	
-99	
-99	
-99	
-99	
-99	
-99	
-99	
-99	
-99	
-99	
-99	
-99	
-99	
-99	
-99	
-99	
-99	
-99	
-99	
-99	
-99	
-99	
-99	
-99	
-99	
-99	
-99	
-99	
-99	
-99	
-99	
-99	
-99	
-99	
-99	
-99	
-99	
-99	
-99	
-99	
-99	
-99	
-99	
-99	
-99	
-99	
-99	
-99	
-99	
-99	
-99	
-99	
-99	
-99	
-99	
-99	
-99	
-99	
-99	
-99	
-99	
-99	
-99	
-99	
-99	
-99	
-99	
-99	
-99	
-99	
-99	
-99	
-99	
-99	
-99	
-99	
-99	
-99	
-99	
-99	
-99	
-99	
-99	
-99	
-99	
-99	
-99	
-99	
-99	
-99	
-99	
-99	
-99	
-99	
-99	
-99	
-99	
-99	
-99	
-99	
-99	
-99	
-99	
-99	
-99	
-99	
-99	
-99	
-99	
-99	
-99	
-99	
-99	
-99	
-99	
-99	
-99	
-99	
-99	
-99	
-99	
-99	
-99	
-99	
-99	
-99	
-99	
-99	
-99	
-99	
-99	
-99	
-99	
-99	
-99	
-99	
-99	
-99	
-99	
-99	
-99	
-99	
-99	
-99	
-99	
-99	
-99	
-99	
-99	
-99	
-99	
-99	
-99	
-99	
-99	
-99	
-99	
-99	
-99	
-99	
-99	
-99	
-99	
-99	
-99	
-99	
-99	
-99	
-99	
-99	
-99	
-99	
-99	
-99	
-99	
-99	
-99	
-99	
-99	
-99	
-99	
-99	
-99	
-99	
-99	
-99	
-99	
-99	
-99	
-99	
-99	
-99	
-99	
-99	
-99	
-99	
-99	
-99	
-99	
-99	
-99	
-99	
-99	
-99	
-99	
-99	
-99	
-99	
-99	
-99	
-99	
-99	
-99	
-99	
-99	
-99	
-99	
-99	
-99	
-99	
-99	
-99	
-99	
-99	
-99	
-99	
-99	
-99	
-99	
-99	
-99	
-99	
-99	
-99	
-99	
-99	
-99	
-99	
-99	
-99	
-99	
-99	
-99	
-99	
-99	
-99	
-99	
-99	
-99	
-99	
-99	
-99	
-99	
-99	
-99	
-99	
-99	
-99	
-99	
-99	
-99	
-99	
-99	
-99	
-99	
-99	
-99	
-99	
-99	
-99	
-99	
-99	
-99	
-99	
-99	
-99	
-99	
-99	
-99	
-99	
-99	
-99	
-99	
-99	
-99	
-99	
-99	
-99	
-99	
-99	
-99	
-99	
-99	
-99	
-99	
-99	
-99	
-99	
-99	
-99	
-99	
-99	
-99	
-99	
-99	
-99	
-99	
-99	
-99	
-99	
-99	
-99	
-99	
-99	
-99	
-99	
-99	
-99	
-99	
-99	
-99	
-99	
-99	
-99	
-99	
-99	
-99	
-99	
-99	
-99	
-99	
-99	
-99	
-99	
-99	
-99	
-99	
-99	
-99	
-99	
-99	
-99	
-99	
-99	
-99	
-99	
-99	
-99	
-99	
-99	
-99	
-99	
-99	
-99	
-99	
-99	
-99	
-99	
-99	
-99	
-99	
-99	
-99	
-99	
-99	
-99	
-99	
-99	
-99	
-99	
-99	
-99	
-99	
-99	
-99	
-99	
-99	
-99	
-99	
-99	
-99	
-99	
-99	
-99	
-99	
-99	
-99	
-99	
-99	
-99	
-99	
-99	
-99	
-99	
-99	
-99	
-99	
-99	
-99	
-99	
-99	
-99	
-99	
-99	
-99	
-99	
-99	
-99	
-99	
-99	
-99	
-99	
-99	
-99	
-99	
-99	
-99	
-99	
-99	
-99	
-99	
-99	
-99	
-99	
-99	
-99	
-99	
-99	
-99	
-99	
-99	
-99	
-99	
-99	
-99	
-99	
-99	
-99	
-99	
-99	
-99	
-99	
-99	
-99	
-99	
-99	
-99	
-99	
-99	
-99	
-99	
-99	
-99	
-99	
-99	
-99	
-99	
-99	
-99	
-99	
-99	
-99	
-99	
-99	
-99	
-99	
-99	
-99	
-99	
-99	
-99	
-99	
-99	
-99	
-99	
-99	
-99	
-99	
-99	
-99	
-99	
-99	
-99	
-99	
-99	
-99	
-99	
-99	
-99	
-99	
-99	
-99	
-99	
-99	
-99	
-99	
-99	
-99	
-99	
-99	
-99	
-99	
-99	
-99	
-99	
-99	
-99	
-99	
-99	
-99	
-99	
-99	
-99	
-99	
-99	
-99	
-99	
-99	
-99	
-99	
-99	
-99	
-99	
-99	
-99	
-99	
-99	
-99	
-99	
-99	
-99	
-99	
-99	
-99	
-99	
-99	
-99	
-99	
-99	
-99	
-99	
-99	
-99	
-99	
-99	
-99	
-99	
-99	
-99	
-99	
-99	
-99	
-99	
-99	
-99	
-99	
-99	
-99	
-99	
-99	
-99	
-99	
-99	
-99	
-99	
-99	
-99	
-99	
-99	
-99	
-99	
-99	
-99	
-99	
-99	
-99	
-99	
-99	
-99	
-99	
-99	
-99	
-99	
-99	
-99	
-99	
-99	
-99	
-99	
-99	
-99	
-99	
-99	
-99	
-99	
-99	
-99	
-99	
-99	
-99	
-99	
-99	
-99	
-99	
-99	
-99	
-99	
-99	
-99	
-99	
-99	
-99	
-99	
-99	
-99	
-99	
-99	
-99	
-99	
-99	
-99	
-99	
-99	
-99	
-99	
-99	
-99	
-99	
-99	
-99	
-99	
-99	
-99	
-99	
-99	
-99	
-99	
-99	
-99	
-99	
-99	
-99	
-99	
-99	
-99	
-99	
-99	
-99	
-99	
-99	
-99	
-99	
-99	
-99	
-99	
-99	
-99	
-99	
-99	
-99	
-99	
-99	
-99	
-99	
-99	
-99	
-99	
-99	
-99	
-99	
-99	
-99	
-99	
-99	
-99	
-99	
-99	
-99	
-99	
-99	
-99	
-99	
-99	
-99	
-99	
-99	
-99	
-99	
-99	
-99	
-99	
-99	
-99	
-99	
-99	
-99	
-99	
-99	
-99	
-99	
-99	
-99	
-99	
-99	
-99	
-99	
-99	
-99	
-99	
-99	
-99	
-99	
-99	
-99	
-99	
-99	
-99	
-99	
-99	
-99	
-99	
-99	
-99	
-99	
-99	
-99	
-99	
-99	
-99	
-99	
-99	
-99	
-99	
-99	
-99	
-99	
-99	
-99	
-99	
-99	
-99	
-99	
-99	
-99	
-99	
-99	
-99	
-99	
-99	
-99	
-99	
-99	
-99	
-99	
-99	
-99	
-99	
-99	
-99	
-99	
-99	
-99	
-99	
-99	
-99	
-99	
-99	
-99	
-99	
-99	
-99	
-99	
-99	
-99	
-99	
-99	
-99	
-99	
-99	
-99	
-99	
-99	
-99	
-99	
-99	
-99	
-99	
-99	
-99	
-99	
-99	
-99	
-99	
-99	
-99	
-99	
-99	
-99	
-99	
-99	
-99	
-99	
-99	
-99	
-99	
-99	
-99	
-99	
-99	
-99	
-99	
-99	
-99	
-99	
-99	
-99	
-99	
-99	
-99	
-99	
-99	
-99	
-99	
-99	
-99	
-99	
-99	
-99	
-99	
-99	
-99	
-99	
-99	
-99	
-99	
-99	
-99	
-99	
-99	
-99	
-99	
-99	
-99	
-99	
-99	
-99	
-99	
-99	
-99	
-99	
-99	
-99	
-99	
-99	
-99	
-99	
-99	
-99	
-99	
-99	
-99	
-99	
-99	
-99	
-99	
-99	
-99	
-99	
-99	
-99	
-99	
-99	
-99	
-99	
-99	
-99	
-99	
-99	
-99	
-99	
-99	
-99	
-99	
-99	
-99	
-99	
-99	
-99	
-99	
-99	
-99	
-99	
-99	
-99	
-99	
-99	
-99	
-99	
-99	
-99	
-99	
-99	
-99	
-99	
-99	
-99	
-99	
-99	
-99	
-99	
-99	
-99	
-99	
-99	
-99	
-99	
-99	
-99	
-99	
-99	
-99	
-99	
-99	
-99	
-99	
-99	
-99	
-99	
-99	
-99	
-99	
-99	
-99	
-99	
-99	
-99	
-99	
-99	
-99	
-99	
-99	
-99	
-99	
-99	
-99	
-99	
-99	
-99	
-99	
-99	
-99	
-99	
-99	
-99	
-99	
-99	
-99	
-99	
-99	
-99	
-99	
-99	
-99	
-99	
-99	
-99	
-99	
-99	
-99	
-99	
-99	
-99	
-99	
-99	
-99	
-99	
-99	
-99	
-99	
-99	
-99	
-99	
-99	
-99	
-99	
-99	
-99	
-99	
-99	
-99	
-99	
-99	
-99	
-99	
-99	
-99	
-99	
-99	
-99	
-99	
-99	
-99	
-99	
-99	
-99	
-99	
-99	
-99	
-99	
-99	
-99	
-99	
-99	
-99	
-99	
-99	
-99	
-99	
-99	
-99	
-99	
-99	
-99	
-99	
-99	
-99	
-99	
-99	
-99	
-99	
-99	
-99	
-99	
-99	
-99	
-99	
-99	
-99	
-99	
-99	
-99	
-99	
-99	
-99	
-99	
-99	
-99	
-99	
-99	
-99	
-99	
-99	
-99	
-99	
-99	
-99	
-99	
-99	
-99	
-99	
-99	
-99	
-99	
-99	
-99	
-99	
-99	
-99	
-99	
-99	
-99	
-99	
-99	
-99	
-99	
-99	
-99	
-99	
-99	
-99	
-99	
-99	
-99	
-99	
-99	
-99	
-99	
-99	
-99	
-99	
-99	
-99	
-99	
-99	
-99	
-99	
-99	
-99	
-99	
-99	
-99	
-99	
-99	
-99	
-99	
-99	
-99	
-99	
-99	
-99	
-99	
-99	
-99	
-99	
-99	
-99	
-99	
-99	
-99	
-99	
-99	
-99	
-99	
-99	
-99	
-99	
-99	
-99	
-99	
-99	
-99	
-99	
-99	
-99	
-99	
-99	
-99	
-99	
-99	
-99	
-99	
-99	
-99	
-99	
-99	
-99	
-99	
-99	
-99	
-99	
-99	
-99	
-99	
-99	
-99	
-99	
-99	
-99	
-99	
-99	
-99	
-99	
-99	
-99	
-99	
-99	
-99	
-99	
-99	
-99	
-99	
-99	
-99	
-99	
-99	
-99	
-99	
-99	
-99	
-99	
-99	
-99	
-99	
-99	
-99	
-99	
-99	
-99	
-99	
-99	
-99	
-99	
-99	
-99	
-99	
-99	
-99	
-99	
-99	
-99	
-99	
-99	
-99	
-99	
-99	
-99	
-99	
-99	
-99	
-99	
-99	
-99	
-99	
-99	
-99	
-99	
-99	
-99	
-99	
-99	
-99	
-99	
-99	
-99	
-99	
-99	
-99	
-99	
-99	
-99	
-99	
-99	
-99	
-99	
-99	
-99	
-99	
-99	
-99	
-99	
-99	
-99	
-99	
-99	
-99	
-99	
-99	
-99	
-99	
-99	
-99	
-99	
-99	
-99	
-99	
-99	
-99	
-99	
-99	
-99	
-99	
-99	
-99	
-99	
-99	
-99	
-99	
-99	
-99	
-99	
-99	
-99	
-99	
-99	
-99	
-99	
-99	
-99	
-99	
-99	
-99	
-99	
-99	
-99	
-99	
-99	
-99	
-99	
-99	
-99	
-99	
-99	
-99	
-99	
-99	
-99	
-99	
-99	
-99	
-99	
-99	
-99	
-99	
-99	
-99	
-99	
-99	
-99	
-99	
-99	
-99	
-99	
-99	
-99	
-99	
-99	
-99	
-99	
-99	
-99	
-99	
-99	
-99	
-99	
-99	
-99	
-99	
-99	
-99	
-99	
-99	
-99	
-99	
-99	
-99	
-99	
-99	
-99	
-99	
-99	
-99	
-99	
-99	
-99	
-99	
-99	
-99	
-99	
-99	
-99	
-99	
-99	
-99	
-99	
-99	
-99	
-99	
-99	
-99	
-99	
-99	
-99	
-99	
-99	
-99	
-99	
-99	
-99	
-99	
-99	
-99	
-99	
-99	
-99	
-99	
-99	
-99	
-99	
-99	
-99	
-99	
-99	
-99	
-99	
-99	
-99	
-99	
-99	
-99	
-99	
-99	
-99	
-99	
-99	
-99	
-99	
-99	
-99	
-99	
-99	
-99	
-99	
-99	
-99	
-99	
-99	
-99	
-99	
-99	
-99	
-99	
-99	
-99	
-99	
-99	
-99	
-99	
-99	
-99	
-99	
-99	
-99	
-99	
-99	
-99	
-99	
-99	
-99	
-99	
-99	
-99	
-99	
-99	
-99	
-99	
-99	
-99	
-99	
-99	
-99	
-99	
-99	
-99	
-99	
-99	
-99	
-99	
-99	
-99	
-99	
-99	
-99	
-99	
-99	
-99	
-99	
-99	
-99	
-99	
-99	
-99	
-99	
-99	
-99	
-99	
-99	
-99	
-99	
-99	
-99	
-99	
-99	
-99	
-99	
-99	
-99	
-99	
-99	
-99	
-99	
-99	
-99	
-99	
-99	
-99	
-99	
-99	
-99	
-99	
-99	
-99	
-99	
-99	
-99	
-99	
-99	
-99	
-99	
-99	
-99	
-99	
-99	
-99	
-99	
-99	
-99	
-99	
-99	
-99	
-99	
-99	
-99	
-99	
-99	
-99	
-99	
-99	
-99	
-99	
-99	
-99	
-99	
-99	
-99	
-99	
-99	
-99	
-99	
-99	
-99	
-99	
-99	
-99	
-99	
-99	
-99	
-99	
-99	
-99	
-99	
-99	
-99	
-99	
-99	
-99	
-99	
-99	
-99	
-99	
-99	
-99	
-99	
-99	
-99	
-99	
-99	
-99	
-99	
-99	
-99	
-99	
-99	
-99	
-99	
-99	
-99	
-99	
-99	
-99	
-99	
-99	
-99	
-99	
-99	
-99	
-99	
-99	
-99	
-99	
-99	
-99	
-99	
-99	
-99	
-99	
-99	
-99	
-99	
-99	
-99	
-99	
-99	
-99	
-99	
-99	
-99	
-99	
-99	
-99	
-99	
-99	
-99	
-99	
-99	
-99	
-99	
-99	
-99	
-99	
-99	
-99	
-99	
-99	
-99	
-99	
-99	
-99	
-99	
-99	
-99	
-99	
-99	
-99	
-99	
-99	
-99	
-99	
-99	
-99	
-99	
-99	
-99	
-99	
-99	
-99	
-99	
-99	
-99	
-99	
-99	
-99	
-99	
-99	
-99	
-99	
-99	
-99	
-99	
-99	
-99	
-99	
-99	
-99	
-99	
-99	
-99	
-99	
-99	
-99	
-99	
-99	
-99	
-99	
-99	
-99	
-99	
-99	
-99	
-99	
-99	
-99	
-99	
-99	
-99	
-99	
-99	
-99	
-99	
-99	
-99	
-99	
-99	
-99	
-99	
-99	
-99	
-99	
-99	
-99	
-99	
-99	
-99	
-99	
-99	
-99	
-99	
-99	
-99	
-99	
-99	
-99	
-99	
-99	
-99	
-99	
-99	
-99	
-99	
-99	
-99	
-99	
-99	
-99	
-99	
-99	
-99	
-99	
-99	
-99	
-99	
-99	
-99	
-99	
-99	
-99	
-99	
-99	
-99	
-99	
-99	
-99	
-99	
-99	
-99	
-99	
-99	
-99	
-99	
-99	
-99	
-99	
-99	
-99	
-99	
-99	
-99	
-99	
-99	
-99	
-99	
-99	
-99	
-99	
-99	
-99	
-99	
-99	
-99	
-99	
-99	
-99	
-99	
-99	
-99	
-99	
-99	
-99	
-99	
-99	
-99	
-99	
-99	
-99	
-99	
-99	
-99	
-99	
-99	
-99	
-99	
-99	
-99	
-99	
-99	
-99	
-99	
-99	
-99	
-99	
-99	
-99	
-99	
-99	
-99	
-99	
-99	
-99	
-99	
-99	
-99	
-99	
-99	
-99	
-99	
-99	
-99	
-99	
-99	
-99	
-99	
-99	
-99	
-99	
-99	
-99	
-99	
-99	
-99	
-99	
-99	
-99	
-99	
-99	
-99	
-99	
-99	
-99	
-99	
-99	
-99	
-99	
-99	
-99	
-99	
-99	
-99	
-99	
-99	
-99	
-99	
-99	
-99	
-99	
-99	
-99	
-99	
-99	
-99	
-99	
-99	
-99	
-99	
-99	
-99	
-99	
-99	
-99	
-99	
-99	
-99	
-99	
-99	
-99	
-99	
-99	
-99	
-99	
-99	
-99	
-99	
-99	
-99	
-99	
-99	
-99	
-99	
-99	
-99	
-99	
-99	
-99	
-99	
-99	
-99	
-99	
-99	
-99	
-99	
-99	
-99	
-99	
-99	
-99	
-99	
-99	
-99	
-99	
-99	
-99	
-99	
-99	
-99	
-99	
-99	
-99	
-99	
-99	
-99	
-99	
