20000101
-99.00
-99.00
-99.00
-99.00
-99.00
-99.00
-99.00
-99.00
-99.00
-99.00
-99.00
-99.00
-99.00
-99.00
-99.00
-99.00
-99.00
-99.00
-99.00
-99.00
-99.00
-99.00
-99.00
-99.00
-99.00
-99.00
-99.00
-99.00
-99.00
-99.00
-99.00
-99.00
-99.00
-99.00
-99.00
-99.00
-99.00
-99.00
-99.00
-99.00
-99.00
-99.00
-99.00
-99.00
-99.00
-99.00
-99.00
-99.00
-99.00
-99.00
-99.00
-99.00
-99.00
-99.00
-99.00
-99.00
-99.00
-99.00
-99.00
-99.00
-99.00
-99.00
-99.00
-99.00
-99.00
-99.00
-99.00
-99.00
-99.00
-99.00
-99.00
-99.00
-99.00
0.00
0.00
0.00
0.00
0.00
0.00
0.80
0.80
0.20
2.80
2.50
1.40
2.00
23.70
0.40
2.30
0.20
6.30
0.20
1.20
1.20
1.20
3.40
0.60
0.00
0.20
3.60
3.60
15.60
0.00
0.20
0.00
0.00
2.00
2.00
1.60
0.00
0.20
0.00
0.20
8.00
0.00
0.20
0.00
1.60
0.80
0.20
0.00
0.00
0.20
0.00
0.00
0.20
0.20
0.00
0.00
1.40
2.80
0.00
0.00
0.20
0.00
0.00
0.20
7.40
0.20
0.00
0.00
0.20
5.70
0.00
0.00
0.00
1.20
11.10
0.00
0.00
0.00
0.20
0.00
0.20
0.00
0.00
3.60
2.20
0.00
0.00
0.00
38.70
6.00
0.20
1.20
1.80
1.00
0.00
0.00
0.00
0.20
0.20
0.00
0.00
0.00
0.00
0.00
0.00
0.00
7.60
0.00
0.40
0.00
0.00
0.20
0.20
0.00
0.00
0.00
0.00
0.00
4.50
3.90
0.40
0.00
0.00
0.00
0.00
0.00
0.00
2.00
0.20
0.00
0.00
1.60
0.20
1.40
0.00
0.00
0.40
0.00
0.00
0.00
0.20
0.00
0.00
0.00
0.00
0.00
0.00
0.00
0.00
0.00
0.20
0.00
0.00
0.00
0.00
0.00
0.00
0.00
0.20
0.00
1.20
0.00
0.00
0.20
0.20
0.00
0.00
0.00
0.00
6.70
0.80
0.20
0.00
0.40
0.00
0.00
0.00
0.00
0.00
0.00
0.20
0.00
0.00
0.00
0.20
0.00
0.00
0.00
1.20
2.40
5.30
0.20
0.20
0.00
0.20
0.00
0.00
0.20
3.40
2.40
14.50
0.20
0.40
0.00
0.00
0.00
0.00
0.00
0.00
0.00
2.20
3.60
1.80
10.10
4.10
16.80
0.80
0.00
0.00
0.20
0.00
0.20
0.00
1.20
0.00
0.00
0.20
0.00
0.00
0.00
0.00
6.90
0.00
0.20
2.40
0.00
0.20
1.40
0.00
0.20
0.00
0.00
0.00
0.00
1.20
4.80
0.00
0.00
0.00
0.00
0.00
1.60
0.00
0.00
4.90
0.20
0.00
1.60
1.60
0.20
1.00
5.10
0.20
0.20
0.40
0.00
0.00
0.20
0.20
0.00
0.00
0.00
0.00
0.20
0.00
0.20
3.80
0.00
0.20
0.00
0.20
0.20
0.00
37.70
56.60
7.10
0.00
0.00
0.00
0.00
0.00
0.60
0.00
0.00
0.00
0.00
0.00
0.00
0.40
1.40
0.00
0.20
0.00
0.00
13.80
32.10
9.60
23.50
24.60
0.00
0.20
2.00
0.00
0.00
0.20
0.00
0.20
0.00
0.00
0.00
18.80
8.40
0.40
0.00
1.20
0.00
0.00
0.00
0.00
0.20
0.00
0.40
0.00
0.00
0.00
0.20
0.00
10.20
0.20
0.00
0.00
0.00
0.00
0.20
0.00
0.00
0.20
0.20
0.00
0.00
0.00
0.00
0.00
0.20
0.00
0.00
0.40
0.00
1.00
7.70
0.00
6.30
0.20
7.20
0.60
0.20
0.00
1.80
0.20
0.00
0.00
0.00
0.00
0.00
0.00
0.00
1.40
2.00
0.20
1.40
7.40
0.00
0.00
0.00
0.00
0.00
0.80
0.00
0.00
4.70
0.20
0.00
0.00
0.00
0.00
0.00
0.00
0.00
0.00
0.40
0.00
8.80
1.20
0.60
0.00
0.00
0.00
0.00
0.00
0.00
0.00
0.00
0.60
1.00
1.00
0.40
0.00
0.80
0.00
0.00
0.00
0.00
0.20
0.00
0.00
0.00
0.00
0.00
0.00
8.50
0.40
0.00
0.00
2.80
0.20
0.00
0.00
0.00
0.00
0.00
0.00
0.00
0.00
0.20
0.00
0.00
0.00
0.00
0.00
0.00
0.00
0.00
0.00
8.10
0.00
0.00
0.20
0.00
0.20
0.00
0.00
0.00
0.00
0.00
0.00
0.00
0.00
0.00
0.00
0.00
0.60
0.20
0.00
0.00
0.00
0.00
1.60
0.20
0.00
0.00
0.00
0.00
0.20
0.20
0.00
0.00
0.00
0.00
13.00
0.20
0.00
0.00
13.40
0.00
0.00
0.20
0.00
0.00
0.00
0.00
0.00
0.00
0.00
0.00
0.00
0.00
0.00
0.00
0.00
0.00
0.00
0.00
0.00
0.00
0.00
0.00
0.00
0.00
0.00
0.00
0.60
0.00
0.00
0.40
0.00
0.00
0.00
0.00
0.20
0.00
0.00
0.00
0.20
0.00
6.00
1.20
0.20
0.00
11.00
0.40
0.00
0.00
0.00
0.00
1.20
0.20
0.00
0.00
0.00
0.00
0.00
0.00
0.00
0.40
0.00
0.00
0.20
21.50
0.00
7.10
0.20
0.20
0.00
5.10
28.00
0.20
0.00
0.20
0.00
0.20
0.00
0.00
0.20
0.00
0.40
0.20
0.00
0.20
0.60
0.20
0.20
0.20
0.20
8.60
0.20
16.50
0.00
0.20
1.00
0.00
0.20
0.20
0.20
0.20
0.00
0.20
0.00
0.00
0.00
0.00
0.00
0.00
0.20
0.00
1.80
1.80
0.00
2.60
0.20
0.00
0.00
32.90
16.60
15.00
0.00
0.20
0.00
0.00
0.00
0.00
0.00
0.00
0.00
0.20
0.00
0.00
0.40
0.00
0.00
0.20
0.20
0.00
0.00
0.00
0.00
0.00
0.00
0.00
0.20
0.20
0.20
0.00
0.00
0.00
0.00
0.00
0.00
0.00
0.00
0.00
0.00
0.00
0.00
0.00
0.00
0.00
0.00
0.00
0.80
2.40
6.60
3.80
-99.00
-99.00
0.00
-99.00
-99.00
0.00
0.20
0.20
2.40
0.00
0.00
0.00
0.00
0.00
0.00
0.20
0.00
0.00
0.00
0.40
0.00
0.20
0.00
0.00
0.20
0.20
0.20
0.00
0.20
0.00
0.00
4.70
1.60
0.00
0.00
0.00
0.00
0.00
0.00
0.00
9.80
1.20
8.80
2.20
0.00
0.00
0.00
0.00
0.00
0.00
0.00
0.00
0.20
0.00
0.00
0.00
4.40
0.00
0.00
2.80
0.40
0.00
0.00
0.00
0.00
0.00
0.00
1.20
1.60
0.00
0.00
0.00
0.00
0.00
0.00
0.00
0.00
0.00
0.00
0.00
0.00
0.00
0.00
9.20
0.20
0.00
0.00
3.80
92.40
15.80
0.00
0.20
19.10
1.80
11.60
25.60
35.80
4.20
0.60
0.40
0.00
0.00
0.00
0.00
0.00
0.00
0.00
0.00
0.00
0.00
0.00
0.00
0.00
0.00
0.00
0.00
1.40
2.80
3.90
5.70
2.80
1.60
36.50
34.80
2.50
4.30
1.00
0.00
0.00
0.00
0.00
0.00
0.00
2.70
0.00
0.00
0.00
0.00
1.80
0.00
0.00
9.30
2.60
0.00
0.00
0.00
0.00
0.20
0.00
0.00
11.90
11.00
2.00
0.20
11.00
0.00
0.00
0.20
0.00
0.00
0.00
0.00
0.00
0.20
0.00
0.00
0.00
0.00
0.00
0.00
0.00
0.00
0.00
0.00
0.00
4.10
0.00
0.00
0.00
0.00
0.00
0.00
0.00
0.00
0.00
0.00
0.20
0.00
6.90
0.20
0.00
0.20
0.00
0.00
0.00
0.00
0.00
0.00
0.00
0.00
0.00
0.00
0.00
0.00
0.00
0.00
0.00
1.00
8.50
0.00
0.00
0.20
2.40
1.60
0.00
0.60
17.30
11.40
0.00
0.00
0.00
0.00
0.00
0.00
0.00
0.00
1.40
0.00
0.00
0.20
0.00
1.20
1.60
3.00
1.80
0.00
0.20
0.00
0.00
0.00
0.00
28.20
2.40
0.20
0.00
5.30
3.50
0.00
0.00
0.00
10.40
1.80
0.00
0.20
0.00
0.20
0.00
0.20
0.00
0.20
0.00
0.00
0.00
0.00
0.00
0.00
0.00
0.00
0.00
0.00
0.00
0.00
0.00
0.00
0.00
0.00
0.60
76.50
12.90
0.00
0.00
0.00
0.20
0.20
0.00
2.90
0.00
0.00
0.20
1.00
0.00
2.20
0.00
0.00
0.20
0.20
0.00
0.00
0.00
0.80
0.00
0.20
0.20
0.20
0.00
3.60
1.00
0.00
0.00
0.00
0.00
0.00
0.00
2.80
0.40
0.00
0.00
0.00
0.00
10.10
0.00
0.00
0.40
15.70
0.60
0.00
0.00
0.00
0.00
0.20
1.40
0.00
0.00
0.00
1.60
0.00
0.00
0.00
0.40
60.00
0.20
0.00
0.00
0.00
0.00
0.00
0.20
0.00
0.00
0.00
0.00
0.20
0.20
0.20
0.00
0.00
0.00
0.00
0.00
3.60
0.00
0.00
0.00
0.00
0.00
0.60
82.80
0.00
2.00
0.20
0.00
0.00
0.00
0.00
0.00
0.00
0.20
0.00
0.00
2.00
0.20
0.00
0.00
0.00
0.00
0.00
0.00
0.00
0.00
0.00
0.00
0.00
0.00
0.00
0.00
1.20
0.00
0.00
0.00
0.00
1.20
0.60
0.00
0.00
0.00
0.00
0.00
0.00
0.00
0.00
12.00
21.70
14.70
4.70
0.00
0.20
1.00
28.60
12.20
0.00
0.20
1.60
0.20
0.00
0.20
0.60
0.00
0.00
0.00
0.00
0.00
0.20
0.00
0.00
0.60
0.00
0.20
0.00
0.00
0.00
0.00
0.00
0.00
0.20
0.00
0.00
0.00
12.50
6.60
15.40
0.20
0.00
10.10
0.00
0.00
0.00
0.00
0.00
1.00
18.00
7.60
0.00
0.00
0.00
0.00
0.00
0.00
0.00
0.00
0.00
0.20
0.00
0.00
0.00
0.00
0.00
0.20
0.00
0.00
0.00
0.00
0.00
0.00
0.00
0.00
0.00
0.00
0.20
0.00
0.00
0.00
0.40
0.00
0.00
0.00
0.00
0.20
4.20
0.00
3.90
0.20
0.00
0.00
0.00
0.00
8.90
5.90
0.00
0.00
0.00
0.00
0.00
0.00
0.00
0.00
0.00
3.80
0.00
0.00
0.00
0.00
0.00
0.00
0.00
0.00
0.00
0.40
0.00
0.00
0.00
0.00
0.00
0.00
0.00
0.00
0.00
0.00
0.00
0.00
0.40
0.00
0.00
0.00
9.60
1.80
0.00
0.00
0.20
0.20
0.00
0.00
0.00
0.00
0.00
0.00
0.00
0.00
0.00
0.00
0.00
0.00
0.00
0.00
0.00
0.00
0.00
0.00
0.00
0.00
0.00
0.00
0.00
0.00
0.00
0.00
0.00
0.00
0.00
0.00
0.00
0.00
0.00
0.00
0.00
0.00
0.00
0.00
0.00
0.00
10.00
0.00
0.00
1.60
0.00
0.00
0.20
0.60
0.00
0.00
0.00
0.00
0.00
0.00
6.10
1.60
1.80
0.00
0.20
4.40
0.20
16.50
2.00
0.80
0.00
0.00
0.00
0.00
0.00
0.00
0.00
0.00
0.00
0.00
0.00
0.00
3.90
0.80
0.00
0.00
0.00
13.90
11.50
0.00
4.30
2.90
0.00
0.00
1.00
0.60
0.00
0.00
0.00
0.00
0.00
0.00
0.00
5.70
0.00
6.10
30.40
55.30
12.10
12.90
0.00
0.00
1.00
0.60
1.20
0.00
21.80
1.00
1.00
0.00
0.00
1.80
0.00
0.00
0.00
0.00
0.20
0.00
0.00
0.20
0.80
0.20
0.00
0.20
0.20
0.00
15.00
4.30
0.00
0.00
0.00
0.00
0.40
0.20
6.50
1.00
0.00
0.20
2.00
0.00
0.00
0.00
9.90
10.40
48.40
8.30
7.60
0.00
7.50
1.20
0.20
1.80
0.00
0.00
0.00
0.20
0.00
0.00
0.00
1.80
1.40
0.20
0.00
7.30
0.00
0.00
0.00
0.00
0.20
2.00
0.00
0.00
0.00
0.00
0.60
0.00
0.00
0.00
0.00
0.20
0.00
0.20
1.00
0.00
0.20
0.00
0.20
0.00
0.00
3.10
0.60
0.00
1.20
0.00
0.00
10.00
8.50
0.00
0.20
17.50
0.00
0.20
0.00
0.00
0.00
0.00
0.00
0.20
0.00
0.20
0.00
0.00
0.00
0.00
0.00
0.00
0.00
0.00
0.00
1.80
0.00
0.20
0.20
34.40
12.10
0.00
0.20
0.00
0.20
6.00
0.00
0.00
0.00
0.00
0.00
0.00
0.00
0.00
0.20
0.00
0.00
0.00
0.00
0.00
0.00
5.40
0.00
0.00
0.20
0.00
0.00
0.20
0.00
0.20
1.20
0.00
0.00
0.00
0.00
1.00
0.00
36.30
29.70
0.40
0.00
0.20
0.20
0.00
0.00
0.20
1.80
2.60
0.00
0.00
0.00
0.00
0.00
2.20
0.60
86.20
3.00
11.40
4.10
0.00
0.00
0.40
0.20
0.00
0.00
0.00
0.00
9.50
40.40
0.60
0.00
0.00
14.10
0.60
30.30
1.00
6.10
0.00
0.00
0.20
14.70
6.20
0.20
0.00
0.00
0.00
0.00
0.00
0.00
0.00
0.00
12.40
0.20
0.00
0.20
0.00
0.00
0.00
0.00
0.00
0.00
0.00
0.00
0.00
0.00
0.00
0.00
0.00
0.00
0.00
0.00
0.20
0.00
0.00
6.50
0.00
0.60
0.00
0.00
14.10
3.10
0.00
0.20
0.00
0.00
0.00
0.00
0.00
0.00
0.00
0.00
0.00
0.00
0.00
0.00
0.20
0.20
0.20
9.20
1.80
5.50
2.70
0.00
0.00
0.00
0.00
0.00
0.00
0.00
0.20
0.00
0.00
0.00
0.00
0.00
0.00
0.00
0.00
0.00
0.00
0.00
0.00
0.00
0.00
0.40
2.00
0.00
0.00
0.00
0.00
0.20
0.00
0.00
0.00
0.00
0.00
0.00
0.00
0.20
0.00
0.00
0.00
0.00
0.00
0.20
0.20
0.00
0.00
0.00
0.00
1.20
0.00
0.20
0.00
0.20
6.10
0.00
0.20
0.00
0.40
0.00
0.20
0.00
1.40
0.20
0.00
8.00
7.50
0.00
0.00
0.00
0.20
0.00
0.00
0.00
0.00
0.00
0.00
0.00
0.00
0.00
0.00
0.00
0.20
0.00
0.00
0.00
0.20
0.00
0.00
0.20
0.20
0.00
4.50
0.40
0.00
1.80
3.10
0.20
0.00
0.00
0.00
0.00
0.00
0.00
0.20
0.00
1.20
15.80
0.60
0.00
0.00
11.00
22.90
0.60
0.20
0.00
0.20
0.00
0.00
0.00
0.00
1.20
0.20
0.00
0.00
0.00
0.00
0.00
0.00
0.00
0.00
0.00
0.00
0.20
0.00
0.20
0.00
0.00
0.20
0.00
0.20
14.30
0.20
-99.00
-99.00
-99.00
-99.00
-99.00
-99.00
-99.00
-99.00
-99.00
-99.00
-99.00
-99.00
0.00
0.00
0.00
0.00
0.00
0.00
0.00
0.20
0.00
0.00
0.00
0.20
1.20
0.00
0.00
3.10
0.20
0.00
0.00
0.00
0.00
0.00
0.00
0.20
0.00
0.00
0.00
0.20
0.20
0.20
0.00
0.00
0.00
0.00
0.00
0.20
0.80
0.80
0.00
0.00
0.00
0.20
2.50
0.00
0.00
0.00
0.00
0.00
0.00
0.00
0.00
0.00
0.00
0.00
0.00
29.10
30.10
58.80
3.00
0.00
0.40
0.00
4.90
0.80
0.00
0.00
0.00
0.00
2.60
0.00
0.00
0.00
0.00
0.00
0.00
0.00
0.00
0.00
0.00
0.00
4.30
0.00
0.60
0.40
0.00
0.00
0.00
0.00
0.20
0.00
0.20
0.00
0.00
0.20
0.00
0.00
0.00
0.00
0.40
0.00
0.00
0.40
0.00
0.00
9.10
0.20
4.30
2.00
0.20
0.00
0.00
5.10
0.00
0.00
0.20
0.00
4.30
0.00
0.00
0.00
0.00
0.00
0.00
2.20
0.40
0.20
1.40
0.40
0.20
0.00
0.00
0.00
0.80
0.20
0.00
0.00
0.00
0.00
0.00
0.00
0.60
0.00
7.10
0.20
0.00
0.00
0.00
1.20
1.20
0.40
0.00
0.40
0.80
0.00
1.60
76.60
0.00
0.00
0.00
0.00
0.20
0.00
0.00
0.00
0.00
0.00
0.00
0.20
0.00
0.00
0.00
0.00
0.00
0.00
0.00
0.00
0.00
0.00
0.00
0.00
6.70
0.00
0.20
9.40
0.00
0.00
0.00
0.00
0.00
0.00
0.00
0.00
0.00
0.20
0.00
0.20
0.00
0.20
0.00
0.00
0.00
0.00
0.00
0.00
0.00
0.00
0.00
3.80
12.40
0.00
0.00
0.00
0.00
0.00
0.00
0.00
0.00
1.00
0.00
0.00
0.00
0.00
0.00
0.00
0.00
0.00
0.00
0.00
0.00
1.60
0.00
5.70
0.00
0.00
0.00
0.00
0.00
0.00
0.00
0.00
0.80
1.00
0.20
0.00
0.00
0.00
0.00
0.00
1.40
0.00
17.60
0.00
0.00
0.00
0.00
0.00
0.00
1.60
0.00
0.00
0.00
0.00
0.00
0.00
0.00
0.00
8.80
7.50
5.10
36.80
0.20
0.00
0.20
0.20
1.00
0.00
0.20
0.00
2.50
0.00
0.00
0.00
0.00
0.20
0.00
0.00
9.60
0.00
0.00
0.20
0.00
0.00
3.70
2.90
0.00
0.00
3.40
0.00
0.00
0.00
0.00
0.20
3.60
25.80
19.60
1.00
10.40
0.80
0.00
4.60
0.00
0.00
0.00
0.00
0.20
0.00
0.00
0.00
0.20
0.00
0.20
0.00
0.00
0.20
0.00
0.00
0.20
0.00
0.00
0.00
0.00
7.70
0.40
0.00
2.20
21.60
0.00
0.00
0.00
0.00
0.00
0.00
0.00
0.00
0.00
0.00
0.00
2.40
1.00
0.00
0.20
0.00
0.00
0.00
0.20
1.40
0.20
0.00
0.00
0.00
0.00
0.00
0.00
0.00
0.00
0.00
0.00
0.00
0.00
0.00
0.00
0.00
0.00
0.00
0.20
0.20
0.00
0.20
0.00
0.00
0.00
0.00
0.00
0.20
7.40
0.00
0.00
0.00
1.80
7.00
11.60
0.00
0.20
0.00
0.00
0.20
0.20
1.40
0.00
0.00
0.00
0.00
0.00
0.00
0.00
0.00
0.00
0.00
0.00
0.20
12.40
37.50
24.70
8.90
0.20
0.00
0.00
0.20
0.00
0.00
0.00
0.00
0.00
0.00
0.00
0.20
0.00
0.00
0.00
0.00
9.70
0.00
0.00
0.00
0.00
0.80
0.00
0.00
0.00
0.20
8.10
1.20
0.00
0.20
0.00
0.00
0.00
0.20
0.00
1.80
0.00
6.70
0.40
5.50
0.00
0.00
0.00
0.20
0.00
0.00
5.30
5.60
0.00
0.00
4.10
0.20
0.00
0.00
0.00
0.00
0.00
0.00
0.20
0.20
0.00
0.00
0.00
0.00
13.80
0.00
0.20
0.00
0.00
0.00
0.00
0.00
0.00
0.00
0.00
0.00
0.00
0.00
0.00
0.00
0.00
0.00
0.00
0.00
0.00
0.00
0.00
0.00
0.00
0.00
0.00
0.00
0.00
0.00
0.00
0.00
0.00
30.00
0.00
0.00
0.00
0.20
0.80
0.00
0.00
0.00
0.00
0.00
0.00
0.00
0.00
0.00
2.40
0.00
0.00
0.00
0.00
0.00
0.00
0.00
0.00
0.00
0.00
0.00
0.00
0.00
0.00
0.00
0.00
0.00
0.00
0.00
0.00
0.00
0.00
0.20
0.40
0.00
0.00
1.40
0.00
0.00
0.00
0.00
0.00
0.00
0.00
0.00
0.00
0.00
0.00
0.00
0.00
0.00
0.00
0.00
0.00
0.00
0.00
0.00
0.00
0.00
0.00
0.00
0.00
0.00
0.00
0.00
0.00
0.00
0.00
0.00
0.00
0.00
0.00
0.00
0.00
0.00
0.60
0.00
0.00
0.00
0.00
0.00
0.00
0.00
0.00
0.00
0.00
0.00
0.00
0.00
0.00
22.20
0.60
0.00
10.60
0.20
0.00
0.00
0.00
0.00
0.00
0.00
2.80
12.40
4.10
0.20
0.00
0.00
0.00
0.20
0.00
0.00
0.00
0.00
0.00
0.00
0.00
0.00
0.00
0.20
0.20
0.00
1.60
120.50
21.90
0.00
2.00
0.20
0.00
0.00
0.00
0.20
0.20
7.30
2.40
0.60
0.00
0.00
0.00
0.20
0.00
0.00
0.00
0.00
0.00
0.20
0.00
0.00
0.00
0.00
0.00
22.10
19.20
0.20
0.00
0.20
0.00
0.20
29.40
0.20
0.20
0.00
0.20
0.00
0.00
0.00
0.00
0.00
0.00
0.20
0.00
0.00
0.00
0.00
0.00
0.00
0.00
0.00
0.20
0.00
0.00
0.00
0.20
0.00
0.00
0.00
0.00
0.00
0.60
0.00
0.20
0.00
0.00
0.00
0.00
0.00
-99.00
-99.00
-99.00
-99.00
0.00
0.00
0.00
0.00
0.20
0.00
0.20
8.80
0.00
5.70
0.00
0.00
0.20
0.40
0.00
0.00
28.10
0.00
0.40
0.20
0.00
0.00
0.00
0.00
0.00
0.00
0.00
0.00
0.20
0.00
0.20
0.20
0.00
0.00
8.80
1.40
0.00
0.00
0.20
0.00
0.20
1.60
0.00
0.00
2.20
0.20
0.20
0.00
0.00
0.00
0.20
0.00
0.00
0.00
0.40
2.70
0.00
0.00
0.00
0.00
0.00
0.00
0.00
2.60
0.00
0.20
0.00
0.00
0.00
1.00
0.00
3.00
0.80
0.00
0.00
8.80
0.00
1.20
0.00
0.00
43.00
12.40
0.20
0.20
0.00
0.20
0.40
0.00
2.00
0.80
1.00
0.00
0.00
0.00
0.00
0.20
0.00
0.00
1.40
29.80
0.40
0.20
0.00
0.00
0.00
0.00
0.00
0.00
0.00
0.00
8.90
0.00
0.00
0.40
0.20
13.90
0.00
2.20
0.00
11.40
1.60
7.70
0.20
0.20
1.40
11.90
0.20
2.80
0.00
0.00
0.00
0.60
3.40
4.40
18.10
20.80
5.00
0.60
0.00
0.00
0.20
0.00
0.20
0.20
0.20
0.20
0.00
0.20
3.70
0.00
0.20
0.00
0.00
12.70
2.90
3.80
3.00
0.00
0.40
0.00
0.00
0.00
0.00
0.00
0.00
0.20
19.00
0.20
0.20
0.00
0.00
0.20
0.20
0.00
0.20
0.00
0.00
0.00
4.50
5.80
3.90
0.00
0.00
4.50
0.00
0.00
0.00
0.00
0.00
0.80
0.20
0.00
0.00
0.00
4.10
0.00
0.00
0.00
0.40
0.00
0.20
0.20
0.20
0.00
0.00
0.00
0.40
0.00
0.00
0.20
0.00
0.00
0.00
0.00
0.40
0.20
0.00
1.20
0.00
0.00
0.20
0.00
0.00
1.40
1.40
0.00
0.00
0.00
0.00
0.00
0.00
0.20
0.00
0.00
0.00
0.00
0.00
0.00
0.00
0.00
0.00
0.00
0.00
0.00
0.00
0.00
0.00
0.00
0.00
0.00
5.50
0.40
13.10
0.00
0.00
0.00
0.20
0.00
0.00
0.00
0.00
0.00
0.00
14.30
0.00
10.70
1.00
0.00
0.00
0.00
0.00
0.00
0.20
0.00
0.00
0.00
0.00
0.00
0.00
0.00
0.00
0.00
0.00
0.00
0.00
0.00
0.00
0.00
0.00
0.00
0.00
0.00
0.00
0.00
0.00
0.00
0.00
0.00
0.00
0.20
1.00
0.00
0.00
0.00
0.00
0.00
0.00
0.00
0.60
3.50
22.30
0.00
0.00
0.80
0.00
26.90
0.20
0.20
0.00
0.00
0.00
0.20
0.00
0.00
0.00
0.00
0.00
0.00
0.00
0.00
0.40
2.60
0.00
0.00
0.00
0.20
0.00
0.00
0.00
0.00
0.00
0.00
0.00
0.00
0.00
0.00
0.00
0.00
0.00
0.00
0.20
0.40
0.20
0.00
0.00
0.00
0.00
0.00
18.20
1.00
0.00
0.00
0.00
0.00
0.00
0.00
0.00
0.00
0.00
0.00
0.00
0.00
0.00
0.20
3.40
0.20
0.60
12.10
0.80
0.00
0.00
12.00
0.60
0.20
1.40
0.20
0.00
6.80
29.00
3.00
0.00
0.00
0.20
0.00
0.00
0.20
0.20
0.00
0.00
0.00
13.20
15.20
1.60
0.00
0.20
0.00
0.20
0.00
1.60
0.20
0.00
0.00
0.20
0.00
0.00
0.00
0.00
0.00
0.00
0.20
0.00
0.00
0.20
0.00
0.00
0.00
0.00
0.00
0.00
1.80
0.00
3.60
1.60
0.20
0.20
0.00
0.20
0.00
0.20
0.20
0.00
0.60
0.00
0.20
0.20
0.00
1.20
8.30
4.40
0.20
0.00
0.20
0.40
0.80
0.40
0.20
0.20
2.40
0.20
0.00
0.20
6.00
48.00
31.40
2.00
0.00
18.00
0.20
0.00
0.20
0.00
0.00
0.20
0.00
1.00
0.00
0.80
0.40
0.00
10.90
0.20
0.40
0.00
8.80
0.20
0.00
0.00
8.20
2.00
1.00
0.00
0.60
0.00
0.00
0.00
0.00
0.00
1.00
1.60
0.60
0.00
1.60
4.90
0.20
0.00
10.90
3.50
0.20
0.40
5.50
0.00
0.20
0.20
0.00
0.00
0.00
7.80
0.20
2.20
0.20
0.00
0.00
0.00
0.00
0.00
0.00
0.00
14.00
12.70
0.60
1.80
0.00
0.20
0.00
0.20
0.40
1.20
0.00
0.00
0.00
1.20
0.20
0.20
19.00
2.20
10.60
0.00
1.40
0.20
0.00
21.40
10.00
3.20
0.00
0.60
0.20
0.00
0.00
0.00
0.00
0.00
0.20
37.10
0.00
0.80
0.60
1.60
0.00
0.20
0.00
0.00
0.00
0.00
0.00
0.00
0.00
3.50
0.00
0.00
0.00
0.00
0.00
0.00
0.00
0.00
0.00
0.00
0.00
0.00
0.00
0.40
25.80
0.00
0.00
0.00
0.00
0.00
0.00
0.00
0.20
0.00
0.00
0.00
0.00
0.40
2.50
0.00
0.00
0.00
0.00
0.00
0.00
0.00
0.00
0.00
0.40
0.40
0.00
0.00
0.00
0.00
0.00
0.00
0.00
9.80
4.90
0.00
0.20
0.00
0.00
0.00
0.00
19.50
0.00
0.00
0.00
0.00
0.00
0.00
0.00
0.20
0.00
0.00
0.00
0.00
0.00
0.00
1.00
0.20
0.00
0.00
0.00
24.50
1.00
0.20
0.00
0.00
0.00
0.00
0.20
0.00
0.00
0.00
0.00
0.00
0.00
0.00
0.00
0.00
0.20
0.00
0.00
0.00
0.40
0.20
0.00
0.00
0.00
0.00
6.80
0.00
0.00
0.20
0.00
0.40
0.20
0.00
3.00
4.40
13.60
0.20
0.00
0.20
0.00
0.00
0.20
0.00
0.00
0.20
8.00
0.00
0.00
3.80
1.40
20.60
0.20
0.20
6.10
1.00
0.00
0.20
0.00
0.20
0.00
5.10
0.00
0.00
0.00
0.00
0.00
0.00
0.00
0.00
0.00
0.00
0.00
11.60
0.20
0.00
2.40
0.00
1.20
0.00
0.00
0.00
0.00
0.00
0.00
0.00
0.00
0.00
17.00
0.20
0.00
0.00
1.60
4.60
0.40
1.60
0.00
0.40
0.00
0.00
0.00
0.00
0.20
0.20
0.20
51.00
14.00
0.60
8.40
0.00
0.40
0.00
0.00
0.00
0.00
0.20
1.40
0.00
0.00
16.10
21.30
0.00
0.20
0.00
0.20
0.00
0.00
0.00
0.20
0.60
0.20
0.00
1.80
3.30
0.80
0.00
0.00
0.00
0.80
1.00
0.60
15.10
12.70
1.40
26.80
0.00
0.00
0.20
0.00
0.00
0.00
2.00
0.00
0.20
0.00
0.00
0.00
0.00
0.00
0.00
0.00
0.00
0.00
0.00
0.00
0.00
0.00
0.00
0.00
0.40
7.60
6.60
0.20
2.40
0.00
2.60
0.40
0.00
0.00
0.00
0.00
0.00
0.00
0.00
0.00
0.00
0.00
0.20
0.00
0.00
0.00
0.20
0.00
0.00
0.00
0.00
0.00
11.20
1.20
0.00
8.90
1.80
1.80
0.40
0.00
0.00
0.00
9.80
8.80
0.00
0.00
5.60
16.90
0.00
0.00
0.40
2.10
3.20
0.20
0.40
11.00
0.20
0.00
0.00
0.00
0.40
8.80
0.20
10.40
1.60
4.60
0.20
0.00
0.00
0.00
0.00
0.00
0.00
0.00
0.00
0.00
0.00
0.00
0.00
15.40
0.00
0.00
0.00
0.00
0.00
0.20
0.00
0.00
0.00
0.00
0.00
0.40
0.00
0.00
0.00
0.00
0.20
0.00
0.00
0.00
0.00
13.10
0.20
0.00
0.00
0.00
0.00
0.00
0.00
0.20
0.00
0.00
0.00
0.00
0.00
3.60
0.00
0.20
0.00
0.00
0.20
0.20
11.40
0.00
0.00
0.00
0.00
0.20
0.20
0.00
1.40
1.20
8.60
0.40
1.20
0.00
0.00
0.00
0.00
0.00
1.20
0.20
0.00
0.40
0.00
0.00
0.00
0.00
0.00
0.00
0.00
0.00
0.00
0.00
0.00
0.00
0.00
0.00
0.00
2.40
0.00
0.00
0.00
0.20
0.20
0.00
1.80
0.00
0.00
0.00
0.00
0.00
0.00
0.00
0.00
0.00
0.00
0.00
0.00
0.00
0.00
0.00
0.00
0.00
0.00
0.00
0.00
0.00
0.00
2.30
0.20
0.00
0.00
0.00
0.00
0.00
0.00
0.00
0.00
0.00
0.00
0.00
17.10
0.00
0.00
4.50
1.40
0.00
0.00
0.00
0.00
0.00
0.00
0.00
0.00
0.00
0.00
0.00
0.20
0.00
0.00
0.00
0.00
0.00
0.00
0.00
0.20
0.00
1.20
0.00
0.00
0.00
0.00
0.00
0.00
0.00
0.00
0.00
8.50
27.60
13.20
0.00
0.00
0.00
0.00
0.00
0.00
0.20
0.00
0.20
0.00
5.50
0.00
7.70
10.20
0.00
4.30
0.00
0.00
0.00
0.00
0.00
0.00
0.00
0.00
0.20
0.00
0.20
0.00
0.00
0.20
0.00
0.00
0.00
0.20
0.00
4.10
0.20
2.40
5.50
0.00
0.00
0.00
0.00
0.00
0.00
0.00
0.20
0.00
0.20
0.00
0.20
0.00
0.00
0.00
0.00
0.00
0.00
0.00
0.00
0.00
4.30
0.20
0.80
1.00
2.40
0.20
0.00
0.00
0.20
0.20
6.80
0.20
0.00
2.60
14.80
0.00
11.60
0.60
0.00
0.00
0.00
4.70
0.00
1.40
0.00
0.00
0.20
0.00
0.20
1.60
0.20
0.20
0.00
0.20
0.00
0.00
0.00
0.00
0.00
0.00
0.00
0.00
0.00
0.00
9.30
1.20
0.20
0.00
29.60
7.40
0.00
0.40
0.00
0.00
0.00
3.20
28.00
0.20
11.90
8.60
0.00
0.20
0.00
0.00
0.20
0.00
0.00
0.00
0.00
0.00
4.30
25.80
0.80
1.80
0.00
4.00
26.30
13.20
0.20
0.00
0.00
0.00
0.00
0.00
0.00
0.00
0.00
0.00
0.00
1.60
11.10
0.20
0.00
0.80
0.00
0.00
0.00
0.20
0.00
0.40
7.90
0.00
0.20
7.00
0.00
0.00
0.20
0.00
0.00
0.00
0.00
6.20
0.20
0.00
0.20
0.00
0.00
0.20
0.00
0.00
0.00
0.40
1.80
0.00
0.20
0.00
0.00
0.00
0.20
0.00
4.70
3.80
24.00
60.80
7.80
0.80
1.20
0.20
1.20
0.20
0.00
3.60
7.20
0.20
0.00
0.00
0.00
0.00
0.00
0.00
0.00
0.00
0.00
0.00
0.00
0.00
0.00
2.40
0.00
0.00
0.00
0.00
0.00
0.00
0.00
0.00
0.00
0.00
0.00
0.00
0.60
1.80
0.00
0.20
1.80
0.20
0.00
0.20
0.60
11.60
0.00
0.00
0.00
0.00
0.00
0.00
0.00
0.00
0.00
0.00
0.00
0.00
0.00
0.00
2.20
0.00
0.00
0.00
0.00
0.00
0.00
0.00
0.00
0.00
0.00
0.00
0.00
0.00
0.00
0.00
0.00
0.00
0.00
0.00
0.00
0.00
0.00
0.00
0.00
0.00
0.00
0.00
0.00
2.60
0.00
0.00
0.00
0.00
0.00
0.00
2.60
0.00
0.00
18.00
0.00
1.00
0.00
0.00
0.00
0.00
2.60
0.00
0.00
0.00
0.00
0.00
0.00
0.00
0.00
0.00
0.00
0.00
0.00
0.00
0.00
0.00
0.00
0.00
0.00
11.20
1.20
0.00
0.00
0.00
0.00
0.00
0.00
0.00
2.60
27.00
0.00
0.00
0.00
12.20
0.00
0.20
16.80
0.20
0.00
0.00
0.00
0.00
0.00
0.20
0.00
0.00
0.20
0.00
0.20
0.00
0.00
0.00
45.60
38.60
16.60
7.90
0.00
0.00
0.00
0.20
0.00
0.00
0.00
0.00
0.00
0.00
0.00
0.00
0.00
0.00
0.00
0.00
0.20
0.80
0.20
0.00
0.00
0.00
0.00
0.20
11.30
0.00
0.00
0.00
0.20
0.00
0.00
0.20
7.00
0.00
0.00
0.20
0.20
0.00
0.40
0.00
0.00
0.00
0.20
0.00
1.40
0.20
6.90
22.00
0.00
0.00
0.20
0.00
0.00
0.00
0.00
0.20
0.00
0.00
0.00
0.00
0.00
0.00
0.20
0.20
0.60
0.00
0.00
0.00
1.40
10.30
7.10
0.00
0.00
0.00
0.00
0.00
0.00
0.00
0.00
0.00
0.00
0.00
0.00
0.00
0.00
0.20
0.00
0.40
0.00
0.20
0.00
0.00
0.20
0.00
0.20
0.00
0.20
0.00
0.00
0.40
0.00
0.00
0.00
0.00
0.00
2.80
13.70
27.30
8.60
0.40
0.00
0.20
0.00
0.00
0.00
0.20
0.20
0.00
0.00
0.00
0.00
0.00
0.20
0.60
0.00
0.00
20.80
0.00
0.20
0.20
1.80
0.00
0.00
0.00
0.00
0.00
0.00
0.00
0.00
0.20
1.00
11.90
0.40
0.00
0.20
0.00
0.00
0.00
0.00
51.30
1.00
34.60
44.30
8.80
0.60
0.00
0.00
0.00
0.00
0.00
0.00
0.00
0.00
0.40
0.80
1.80
0.60
0.60
1.40
0.00
0.20
0.00
0.00
0.00
0.20
0.00
0.00
0.20
0.00
0.00
0.00
0.00
0.00
0.00
0.00
0.00
0.00
0.00
0.20
0.00
17.90
19.20
0.00
0.00
0.00
0.00
7.90
0.00
0.20
0.00
0.60
0.40
0.00
0.00
0.00
0.20
0.00
0.00
0.00
0.00
1.00
0.20
20.20
0.00
0.00
0.00
0.00
0.20
0.00
0.00
0.00
0.00
0.00
0.00
0.00
0.00
0.00
0.00
1.20
0.60
0.40
0.20
0.00
16.50
0.00
0.00
32.40
0.80
0.00
3.70
0.20
0.00
3.80
0.00
0.20
0.00
0.00
0.00
0.00
0.00
0.00
0.40
0.00
0.00
0.00
0.00
0.00
0.00
0.00
0.00
0.00
0.00
1.20
1.00
0.00
0.00
0.00
0.00
0.00
0.00
0.00
3.20
9.20
0.00
0.00
0.00
0.80
0.00
11.20
0.00
0.00
0.00
0.00
0.00
0.60
52.90
1.80
0.00
0.00
0.00
0.00
0.00
0.00
0.00
0.00
10.60
0.00
0.00
0.00
0.00
0.00
0.00
0.00
0.00
2.20
0.00
0.00
0.00
0.00
0.00
0.00
0.20
0.00
0.00
0.00
0.20
0.60
0.00
0.00
0.00
0.00
0.00
0.00
0.00
1.40
0.60
6.40
0.00
0.00
0.00
0.00
0.00
0.00
0.00
0.00
0.00
0.20
0.00
0.00
15.80
0.00
0.00
0.00
0.00
0.20
0.00
0.20
0.00
0.00
0.20
0.20
0.00
0.20
0.00
0.00
0.00
0.00
0.00
0.00
0.00
0.00
0.00
0.00
0.00
0.00
0.00
0.00
0.00
0.00
0.00
3.80
0.00
0.00
0.00
0.00
25.40
0.20
0.00
19.30
62.70
0.40
0.20
0.00
0.00
0.20
14.60
30.20
7.20
36.10
0.20
0.60
0.20
0.00
0.20
0.00
7.60
1.40
10.60
6.00
0.00
0.20
7.60
1.00
41.90
1.20
0.00
0.00
0.20
0.00
0.00
0.00
0.20
0.00
0.20
0.00
0.00
0.40
0.00
0.00
0.20
0.00
0.20
0.00
0.20
0.20
0.00
0.00
0.00
0.20
0.00
0.00
0.00
0.00
0.00
0.00
0.00
0.00
0.00
0.00
0.00
0.20
0.00
0.00
0.00
0.00
3.00
0.00
0.20
0.00
0.00
0.00
0.00
0.00
0.00
0.00
0.00
0.20
0.20
0.00
9.80
1.80
0.00
0.20
0.00
0.00
0.00
0.20
0.00
0.00
0.20
0.00
0.60
0.00
0.00
0.00
0.00
1.20
0.00
0.00
0.00
0.00
0.00
0.00
0.00
0.00
0.00
0.00
0.00
0.00
0.00
0.00
0.00
0.00
0.80
0.00
0.00
0.00
0.00
0.00
0.00
0.00
0.00
0.20
0.00
0.00
0.20
0.00
0.00
0.00
0.00
0.00
0.00
0.00
0.00
0.00
0.00
0.00
0.00
0.00
0.20
0.00
0.20
0.00
5.20
13.20
21.40
0.00
0.00
0.20
0.00
0.00
0.20
0.00
0.00
0.00
0.00
0.00
9.80
1.60
0.00
0.00
1.00
0.00
0.00
4.40
0.00
1.40
0.00
4.60
0.00
0.20
0.00
2.80
28.70
0.20
0.00
1.00
0.20
1.80
0.00
0.00
0.00
3.60
0.00
0.40
0.00
0.00
0.00
0.00
0.00
0.00
0.00
0.00
0.00
0.00
0.20
0.00
6.40
1.80
0.00
0.00
0.20
0.20
0.40
45.40
13.60
4.40
0.20
0.00
0.00
0.00
0.00
0.00
0.00
0.00
0.00
0.00
0.00
14.50
0.00
0.00
0.00
0.00
0.00
0.00
0.60
0.20
0.60
0.20
0.00
0.00
0.00
0.00
0.00
0.00
0.00
0.00
0.00
0.00
0.00
0.00
0.00
0.00
0.00
0.00
0.20
2.80
0.00
0.00
0.00
43.50
0.20
0.00
0.00
0.00
0.00
0.00
0.00
0.00
0.00
0.00
0.00
0.00
0.00
0.00
0.00
0.00
0.00
0.00
0.00
0.00
0.00
0.00
0.00
0.00
0.00
0.00
0.00
0.00
0.00
0.00
0.00
4.60
0.00
0.00
0.00
0.00
3.60
0.00
0.00
0.00
0.00
0.00
0.00
0.00
0.00
0.00
0.00
0.00
0.00
0.00
0.00
0.00
0.00
0.00
0.20
16.60
0.00
0.00
0.00
0.00
0.00
0.00
0.00
0.00
0.00
0.00
0.00
0.00
43.80
0.00
0.00
0.00
0.00
0.00
2.40
0.00
0.00
0.00
0.00
0.00
0.00
0.00
4.80
0.00
0.20
35.20
0.20
0.00
0.00
0.20
0.00
0.20
0.00
0.20
0.00
0.20
0.20
1.60
0.40
0.00
4.00
0.20
0.00
0.00
3.20
2.60
3.80
31.20
1.40
0.00
0.20
6.20
19.00
2.20
0.00
0.00
16.80
39.70
0.00
0.00
0.20
0.00
0.00
9.90
0.00
0.00
0.00
0.00
1.00
0.00
0.00
0.00
0.00
0.00
0.00
6.20
0.00
0.20
0.20
0.00
0.00
0.20
0.00
15.60
4.60
1.20
0.00
0.00
0.00
0.00
0.00
1.40
0.00
0.00
0.20
0.00
0.00
0.00
0.00
0.00
0.00
0.00
0.00
0.00
0.20
0.20
0.00
0.00
0.20
0.00
0.20
0.20
0.00
0.00
0.00
0.00
0.20
0.00
0.00
0.00
0.20
0.00
0.00
0.00
0.00
0.00
0.40
0.40
0.20
0.00
0.40
0.60
0.00
0.00
0.00
0.00
0.00
0.80
0.00
2.60
0.00
0.00
0.00
0.00
0.80
0.80
0.00
0.00
0.20
0.00
0.00
3.00
0.00
0.00
2.20
0.00
0.00
0.80
0.00
0.60
0.20
0.80
0.00
0.00
0.00
0.00
0.00
9.80
0.00
0.20
1.40
2.40
0.00
0.00
0.00
0.00
0.40
8.40
20.60
0.00
0.20
0.80
33.40
9.80
0.00
0.60
0.20
0.20
4.80
20.40
2.20
0.00
0.00
0.80
2.20
0.40
0.00
4.40
0.00
0.00
0.00
0.00
0.20
0.80
0.60
7.00
0.20
0.00
0.00
24.20
1.00
0.20
2.20
0.40
1.20
0.00
0.00
0.00
0.00
0.00
0.00
0.20
0.00
0.00
0.00
0.00
0.00
3.00
0.00
0.00
0.00
0.00
0.00
9.80
0.40
13.80
5.40
10.40
0.40
0.20
0.00
0.00
0.00
0.00
0.00
0.00
3.60
0.20
0.20
0.00
0.00
0.00
0.60
0.00
2.80
0.40
15.10
11.00
0.20
0.00
0.00
0.20
1.80
0.80
0.00
0.00
7.60
8.80
1.20
2.20
0.00
0.00
0.00
0.00
0.00
0.00
0.00
21.90
4.00
0.00
0.00
0.00
0.00
0.00
0.00
0.00
0.00
0.00
0.20
0.00
9.20
0.00
0.20
0.00
0.00
0.00
0.00
0.00
0.00
0.00
0.00
0.00
0.40
0.00
0.00
0.00
0.00
0.00
0.00
0.20
0.00
0.00
0.00
0.00
0.00
13.10
0.00
2.40
17.50
0.20
0.00
0.00
3.40
0.00
0.00
0.00
0.00
0.20
5.20
0.00
0.20
0.00
0.00
0.00
0.00
0.00
0.00
2.60
2.60
0.00
0.00
0.00
1.40
0.20
0.00
0.00
0.00
6.20
0.00
0.60
0.00
0.00
0.00
0.00
36.00
0.00
0.80
0.20
0.00
0.00
0.00
0.00
0.00
0.00
0.00
0.00
0.00
0.20
6.60
0.00
0.00
17.60
0.40
0.00
0.00
0.20
8.00
0.00
0.00
0.20
0.00
0.00
0.00
0.00
0.20
0.00
0.00
0.20
0.00
0.00
8.60
0.20
0.00
0.00
0.00
11.60
0.20
0.00
0.00
0.00
0.00
1.80
1.40
0.00
0.00
0.20
0.00
0.00
0.00
0.00
0.20
0.20
0.00
0.20
0.00
0.00
0.00
0.20
0.20
0.00
0.00
0.00
0.00
0.00
0.00
0.00
0.60
0.00
0.00
0.00
0.20
0.00
0.00
0.00
0.00
0.00
0.00
0.00
7.20
64.40
52.00
7.00
0.00
0.00
0.20
0.00
0.00
0.00
0.00
0.00
0.00
0.00
2.00
0.00
0.00
0.00
0.00
0.00
0.20
0.00
0.00
0.20
0.00
0.00
0.20
0.20
0.00
0.20
0.00
0.00
0.20
7.00
0.20
0.00
0.00
0.00
0.00
0.00
0.00
0.00
3.00
0.00
0.20
0.00
0.20
0.00
0.00
0.40
0.00
0.00
0.00
0.20
0.20
0.00
0.00
0.20
2.40
0.20
0.00
0.00
0.00
2.60
5.60
0.00
0.00
4.80
0.00
0.80
1.20
0.00
2.20
0.00
0.00
0.20
0.00
1.20
0.00
0.00
0.00
0.00
0.00
3.20
0.20
1.60
2.60
0.00
0.00
0.00
0.00
0.00
4.00
0.20
0.00
0.00
0.00
0.40
0.00
0.00
0.00
0.20
3.20
0.20
0.40
0.00
0.00
2.00
0.00
0.00
0.00
0.00
0.00
0.00
0.00
0.00
0.00
0.00
0.20
0.00
0.00
0.00
0.00
0.00
0.00
0.00
2.80
0.80
0.00
11.80
0.40
0.00
0.00
0.20
2.00
0.00
0.20
0.00
37.80
1.60
0.00
0.00
0.00
-99.00
-99.00
-99.00
-99.00
-99.00
-99.00
-99.00
-99.00
-99.00
-99.00
-99.00
-99.00
-99.00
-99.00
-99.00
-99.00
-99.00
-99.00
-99.00
-99.00
-99.00
-99.00
-99.00
-99.00
-99.00
-99.00
-99.00
-99.00
-99.00
-99.00
-99.00
-99.00
-99.00
-99.00
-99.00
-99.00
-99.00
-99.00
-99.00
-99.00
-99.00
-99.00
-99.00
-99.00
-99.00
-99.00
-99.00
-99.00
-99.00
-99.00
-99.00
-99.00
-99.00
-99.00
-99.00
-99.00
-99.00
-99.00
-99.00
-99.00
-99.00
-99.00
-99.00
-99.00
-99.00
-99.00
-99.00
-99.00
-99.00
-99.00
-99.00
-99.00
-99.00
-99.00
-99.00
-99.00
-99.00
-99.00
-99.00
-99.00
-99.00
-99.00
-99.00
-99.00
-99.00
-99.00
-99.00
-99.00
-99.00
-99.00
-99.00
-99.00
-99.00
-99.00
-99.00
-99.00
-99.00
-99.00
-99.00
-99.00
-99.00
-99.00
-99.00
-99.00
-99.00
-99.00
-99.00
-99.00
-99.00
-99.00
-99.00
-99.00
-99.00
-99.00
-99.00
-99.00
-99.00
-99.00
-99.00
-99.00
-99.00
-99.00
-99.00
-99.00
-99.00
-99.00
-99.00
-99.00
-99.00
-99.00
-99.00
-99.00
-99.00
-99.00
-99.00
-99.00
-99.00
-99.00
-99.00
-99.00
-99.00
-99.00
-99.00
-99.00
-99.00
-99.00
-99.00
-99.00
-99.00
-99.00
-99.00
-99.00
-99.00
-99.00
-99.00
-99.00
-99.00
-99.00
-99.00
-99.00
-99.00
-99.00
-99.00
-99.00
-99.00
-99.00
-99.00
-99.00
-99.00
-99.00
-99.00
-99.00
-99.00
-99.00
-99.00
-99.00
-99.00
-99.00
-99.00
-99.00
-99.00
-99.00
-99.00
-99.00
-99.00
-99.00
-99.00
-99.00
-99.00
-99.00
-99.00
-99.00
-99.00
-99.00
-99.00
-99.00
-99.00
-99.00
-99.00
-99.00
-99.00
-99.00
-99.00
-99.00
-99.00
-99.00
-99.00
-99.00
-99.00
-99.00
-99.00
-99.00
-99.00
-99.00
-99.00
-99.00
-99.00
-99.00
-99.00
-99.00
-99.00
-99.00
-99.00
-99.00
-99.00
-99.00
-99.00
-99.00
-99.00
-99.00
-99.00
-99.00
-99.00
-99.00
-99.00
-99.00
-99.00
-99.00
-99.00
-99.00
-99.00
-99.00
-99.00
-99.00
-99.00
-99.00
-99.00
-99.00
-99.00
-99.00
-99.00
-99.00
-99.00
-99.00
-99.00
-99.00
-99.00
-99.00
-99.00
-99.00
-99.00
-99.00
-99.00
-99.00
-99.00
-99.00
-99.00
-99.00
-99.00
-99.00
-99.00
-99.00
-99.00
-99.00
-99.00
-99.00
-99.00
-99.00
-99.00
-99.00
-99.00
-99.00
-99.00
-99.00
-99.00
-99.00
-99.00
-99.00
-99.00
-99.00
-99.00
-99.00
-99.00
-99.00
-99.00
-99.00
-99.00
-99.00
-99.00
-99.00
-99.00
-99.00
-99.00
-99.00
-99.00
-99.00
-99.00
-99.00
-99.00
-99.00
-99.00
-99.00
-99.00
-99.00
-99.00
-99.00
-99.00
-99.00
-99.00
-99.00
-99.00
-99.00
-99.00
-99.00
-99.00
-99.00
-99.00
-99.00
-99.00
-99.00
-99.00
-99.00
-99.00
-99.00
-99.00
-99.00
-99.00
-99.00
-99.00
-99.00
-99.00
-99.00
-99.00
-99.00
-99.00
-99.00
-99.00
-99.00
-99.00
-99.00
-99.00
-99.00
-99.00
-99.00
-99.00
-99.00
-99.00
-99.00
-99.00
-99.00
-99.00
-99.00
-99.00
-99.00
-99.00
-99.00
-99.00
-99.00
-99.00
-99.00
-99.00
-99.00
-99.00
-99.00
-99.00
-99.00
-99.00
-99.00
-99.00
-99.00
-99.00
-99.00
-99.00
-99.00
-99.00
-99.00
-99.00
-99.00
-99.00
-99.00
-99.00
-99.00
-99.00
-99.00
-99.00
-99.00
-99.00
-99.00
-99.00
-99.00
-99.00
-99.00
-99.00
-99.00
-99.00
-99.00
-99.00
-99.00
-99.00
-99.00
-99.00
-99.00
-99.00
-99.00
-99.00
-99.00
-99.00
-99.00
-99.00
-99.00
-99.00
-99.00
-99.00
-99.00
-99.00
-99.00
-99.00
-99.00
-99.00
-99.00
-99.00
-99.00
-99.00
-99.00
-99.00
-99.00
-99.00
-99.00
-99.00
-99.00
-99.00
-99.00
-99.00
-99.00
-99.00
-99.00
-99.00
-99.00
-99.00
-99.00
-99.00
-99.00
-99.00
-99.00
-99.00
-99.00
-99.00
-99.00
-99.00
-99.00
-99.00
-99.00
-99.00
-99.00
-99.00
-99.00
-99.00
-99.00
-99.00
-99.00
-99.00
-99.00
-99.00
-99.00
-99.00
-99.00
-99.00
-99.00
-99.00
-99.00
-99.00
-99.00
-99.00
-99.00
-99.00
-99.00
-99.00
-99.00
-99.00
-99.00
-99.00
-99.00
-99.00
-99.00
-99.00
-99.00
-99.00
-99.00
-99.00
-99.00
-99.00
-99.00
-99.00
-99.00
-99.00
-99.00
-99.00
-99.00
-99.00
-99.00
-99.00
-99.00
-99.00
-99.00
-99.00
-99.00
-99.00
-99.00
-99.00
-99.00
-99.00
-99.00
-99.00
-99.00
-99.00
-99.00
-99.00
-99.00
-99.00
-99.00
-99.00
-99.00
-99.00
-99.00
-99.00
-99.00
-99.00
-99.00
-99.00
-99.00
-99.00
-99.00
-99.00
-99.00
-99.00
-99.00
-99.00
-99.00
-99.00
-99.00
-99.00
-99.00
-99.00
-99.00
-99.00
-99.00
-99.00
-99.00
-99.00
-99.00
-99.00
-99.00
-99.00
-99.00
-99.00
-99.00
-99.00
-99.00
-99.00
-99.00
-99.00
-99.00
-99.00
-99.00
-99.00
-99.00
-99.00
-99.00
-99.00
-99.00
-99.00
-99.00
-99.00
-99.00
-99.00
-99.00
-99.00
-99.00
-99.00
-99.00
-99.00
-99.00
-99.00
-99.00
-99.00
-99.00
-99.00
-99.00
-99.00
-99.00
-99.00
-99.00
-99.00
-99.00
-99.00
-99.00
-99.00
-99.00
-99.00
-99.00
-99.00
-99.00
-99.00
-99.00
-99.00
-99.00
-99.00
-99.00
-99.00
-99.00
-99.00
-99.00
-99.00
-99.00
-99.00
-99.00
-99.00
-99.00
-99.00
-99.00
-99.00
-99.00
-99.00
-99.00
-99.00
-99.00
-99.00
-99.00
-99.00
-99.00
-99.00
-99.00
-99.00
-99.00
-99.00
-99.00
-99.00
-99.00
-99.00
-99.00
-99.00
-99.00
-99.00
-99.00
-99.00
-99.00
-99.00
-99.00
-99.00
-99.00
-99.00
-99.00
-99.00
-99.00
-99.00
-99.00
-99.00
-99.00
-99.00
-99.00
-99.00
-99.00
-99.00
-99.00
-99.00
-99.00
-99.00
-99.00
-99.00
-99.00
-99.00
-99.00
-99.00
-99.00
-99.00
-99.00
-99.00
-99.00
-99.00
-99.00
-99.00
-99.00
-99.00
-99.00
-99.00
-99.00
-99.00
-99.00
-99.00
-99.00
-99.00
-99.00
-99.00
-99.00
-99.00
-99.00
-99.00
-99.00
-99.00
-99.00
-99.00
-99.00
-99.00
-99.00
-99.00
-99.00
-99.00
-99.00
-99.00
-99.00
-99.00
-99.00
-99.00
-99.00
-99.00
-99.00
-99.00
-99.00
-99.00
-99.00
-99.00
-99.00
-99.00
-99.00
-99.00
-99.00
-99.00
-99.00
-99.00
-99.00
-99.00
-99.00
-99.00
-99.00
-99.00
-99.00
-99.00
-99.00
-99.00
-99.00
-99.00
-99.00
-99.00
-99.00
-99.00
-99.00
-99.00
-99.00
-99.00
-99.00
-99.00
-99.00
-99.00
-99.00
-99.00
-99.00
-99.00
-99.00
-99.00
-99.00
-99.00
-99.00
-99.00
-99.00
-99.00
-99.00
-99.00
-99.00
-99.00
-99.00
-99.00
-99.00
-99.00
-99.00
-99.00
-99.00
-99.00
-99.00
-99.00
-99.00
-99.00
-99.00
-99.00
-99.00
-99.00
-99.00
-99.00
-99.00
-99.00
-99.00
-99.00
-99.00
-99.00
-99.00
-99.00
-99.00
-99.00
-99.00
-99.00
-99.00
-99.00
-99.00
-99.00
-99.00
-99.00
-99.00
-99.00
-99.00
-99.00
-99.00
-99.00
-99.00
-99.00
-99.00
-99.00
-99.00
-99.00
-99.00
-99.00
-99.00
-99.00
-99.00
-99.00
-99.00
-99.00
-99.00
-99.00
-99.00
-99.00
-99.00
-99.00
-99.00
-99.00
-99.00
-99.00
-99.00
-99.00
-99.00
-99.00
-99.00
-99.00
-99.00
-99.00
-99.00
-99.00
-99.00
-99.00
-99.00
-99.00
-99.00
-99.00
-99.00
-99.00
-99.00
-99.00
-99.00
-99.00
-99.00
-99.00
-99.00
-99.00
-99.00
-99.00
-99.00
-99.00
-99.00
-99.00
-99.00
-99.00
-99.00
-99.00
-99.00
-99.00
-99.00
-99.00
-99.00
-99.00
-99.00
-99.00
-99.00
-99.00
-99.00
-99.00
-99.00
-99.00
-99.00
-99.00
-99.00
-99.00
-99.00
-99.00
-99.00
-99.00
-99.00
-99.00
-99.00
-99.00
-99.00
-99.00
-99.00
-99.00
-99.00
-99.00
-99.00
-99.00
-99.00
-99.00
-99.00
-99.00
-99.00
-99.00
-99.00
-99.00
-99.00
-99.00
-99.00
-99.00
-99.00
-99.00
-99.00
-99.00
-99.00
-99.00
-99.00
-99.00
-99.00
-99.00
-99.00
-99.00
-99.00
-99.00
-99.00
-99.00
-99.00
-99.00
-99.00
-99.00
-99.00
-99.00
-99.00
-99.00
-99.00
-99.00
-99.00
-99.00
-99.00
-99.00
-99.00
-99.00
-99.00
-99.00
-99.00
-99.00
-99.00
-99.00
-99.00
-99.00
-99.00
-99.00
-99.00
-99.00
-99.00
-99.00
-99.00
-99.00
-99.00
-99.00
-99.00
-99.00
-99.00
-99.00
-99.00
-99.00
-99.00
-99.00
-99.00
-99.00
-99.00
-99.00
-99.00
-99.00
-99.00
-99.00
-99.00
-99.00
-99.00
-99.00
-99.00
-99.00
-99.00
-99.00
-99.00
-99.00
-99.00
-99.00
-99.00
-99.00
-99.00
-99.00
-99.00
-99.00
-99.00
-99.00
-99.00
-99.00
-99.00
-99.00
-99.00
-99.00
-99.00
-99.00
-99.00
-99.00
-99.00
-99.00
-99.00
-99.00
-99.00
-99.00
-99.00
-99.00
-99.00
-99.00
-99.00
-99.00
-99.00
-99.00
-99.00
-99.00
-99.00
-99.00
-99.00
-99.00
-99.00
-99.00
-99.00
-99.00
-99.00
-99.00
-99.00
-99.00
-99.00
-99.00
-99.00
-99.00
-99.00
-99.00
-99.00
-99.00
-99.00
-99.00
-99.00
-99.00
-99.00
-99.00
-99.00
-99.00
-99.00
-99.00
-99.00
-99.00
-99.00
-99.00
-99.00
-99.00
-99.00
-99.00
-99.00
-99.00
-99.00
-99.00
-99.00
-99.00
-99.00
-99.00
-99.00
-99.00
-99.00
-99.00
-99.00
-99.00
-99.00
-99.00
-99.00
-99.00
-99.00
-99.00
-99.00
-99.00
-99.00
-99.00
-99.00
-99.00
-99.00
-99.00
-99.00
-99.00
-99.00
-99.00
-99.00
-99.00
-99.00
-99.00
-99.00
-99.00
-99.00
-99.00
-99.00
-99.00
-99.00
-99.00
-99.00
-99.00
-99.00
-99.00
-99.00
-99.00
-99.00
-99.00
-99.00
-99.00
-99.00
-99.00
-99.00
-99.00
-99.00
-99.00
-99.00
-99.00
-99.00
-99.00
-99.00
-99.00
-99.00
-99.00
-99.00
-99.00
-99.00
-99.00
-99.00
-99.00
-99.00
-99.00
-99.00
-99.00
-99.00
-99.00
-99.00
-99.00
-99.00
-99.00
-99.00
-99.00
-99.00
-99.00
-99.00
-99.00
-99.00
-99.00
-99.00
-99.00
-99.00
-99.00
-99.00
-99.00
-99.00
-99.00
-99.00
-99.00
-99.00
-99.00
-99.00
-99.00
-99.00
-99.00
-99.00
-99.00
-99.00
-99.00
-99.00
-99.00
-99.00
-99.00
-99.00
-99.00
-99.00
-99.00
-99.00
-99.00
-99.00
-99.00
-99.00
-99.00
-99.00
-99.00
-99.00
-99.00
-99.00
-99.00
-99.00
-99.00
-99.00
-99.00
-99.00
-99.00
-99.00
-99.00
-99.00
-99.00
-99.00
-99.00
-99.00
-99.00
-99.00
-99.00
-99.00
-99.00
-99.00
-99.00
-99.00
-99.00
-99.00
-99.00
-99.00
-99.00
-99.00
-99.00
-99.00
-99.00
-99.00
-99.00
-99.00
-99.00
-99.00
-99.00
-99.00
-99.00
-99.00
-99.00
-99.00
-99.00
-99.00
-99.00
-99.00
-99.00
-99.00
-99.00
-99.00
-99.00
-99.00
-99.00
-99.00
-99.00
-99.00
-99.00
-99.00
-99.00
-99.00
-99.00
-99.00
-99.00
-99.00
-99.00
-99.00
-99.00
-99.00
-99.00
-99.00
-99.00
-99.00
-99.00
-99.00
-99.00
-99.00
-99.00
-99.00
-99.00
-99.00
-99.00
-99.00
-99.00
-99.00
-99.00
-99.00
-99.00
-99.00
-99.00
-99.00
-99.00
-99.00
-99.00
-99.00
-99.00
-99.00
-99.00
-99.00
-99.00
-99.00
-99.00
-99.00
-99.00
-99.00
-99.00
-99.00
-99.00
-99.00
-99.00
-99.00
-99.00
-99.00
-99.00
-99.00
-99.00
-99.00
-99.00
-99.00
-99.00
-99.00
-99.00
-99.00
-99.00
-99.00
-99.00
-99.00
-99.00
-99.00
-99.00
-99.00
-99.00
-99.00
-99.00
-99.00
-99.00
-99.00
-99.00
-99.00
-99.00
-99.00
-99.00
-99.00
-99.00
-99.00
-99.00
-99.00
-99.00
-99.00
-99.00
-99.00
-99.00
-99.00
-99.00
-99.00
-99.00
-99.00
-99.00
-99.00
-99.00
-99.00
-99.00
-99.00
-99.00
-99.00
-99.00
-99.00
-99.00
-99.00
-99.00
-99.00
-99.00
-99.00
-99.00
-99.00
-99.00
-99.00
-99.00
-99.00
-99.00
-99.00
-99.00
-99.00
-99.00
-99.00
-99.00
-99.00
-99.00
-99.00
-99.00
-99.00
-99.00
-99.00
-99.00
-99.00
-99.00
-99.00
-99.00
-99.00
-99.00
-99.00
-99.00
-99.00
-99.00
-99.00
-99.00
-99.00
-99.00
-99.00
-99.00
-99.00
-99.00
-99.00
-99.00
-99.00
-99.00
-99.00
-99.00
-99.00
-99.00
-99.00
-99.00
-99.00
-99.00
-99.00
-99.00
-99.00
-99.00
-99.00
-99.00
-99.00
-99.00
-99.00
-99.00
-99.00
-99.00
-99.00
-99.00
-99.00
-99.00
-99.00
-99.00
-99.00
-99.00
-99.00
-99.00
-99.00
-99.00
-99.00
-99.00
-99.00
-99.00
-99.00
-99.00
-99.00
-99.00
-99.00
-99.00
-99.00
-99.00
-99.00
-99.00
-99.00
-99.00
-99.00
-99.00
-99.00
-99.00
-99.00
-99.00
-99.00
-99.00
-99.00
-99.00
-99.00
-99.00
-99.00
-99.00
-99.00
-99.00
-99.00
-99.00
-99.00
-99.00
-99.00
-99.00
-99.00
-99.00
-99.00
-99.00
-99.00
-99.00
-99.00
-99.00
-99.00
-99.00
-99.00
-99.00
-99.00
-99.00
-99.00
-99.00
-99.00
-99.00
-99.00
-99.00
-99.00
-99.00
-99.00
-99.00
-99.00
-99.00
-99.00
-99.00
-99.00
-99.00
-99.00
-99.00
-99.00
-99.00
-99.00
-99.00
-99.00
-99.00
-99.00
-99.00
-99.00
-99.00
-99.00
-99.00
-99.00
-99.00
-99.00
-99.00
-99.00
-99.00
-99.00
-99.00
-99.00
-99.00
-99.00
-99.00
-99.00
-99.00
-99.00
-99.00
-99.00
-99.00
-99.00
-99.00
-99.00
-99.00
-99.00
-99.00
-99.00
-99.00
-99.00
-99.00
-99.00
-99.00
-99.00
-99.00
-99.00
-99.00
-99.00
-99.00
-99.00
-99.00
-99.00
-99.00
-99.00
-99.00
-99.00
-99.00
-99.00
-99.00
-99.00
-99.00
-99.00
-99.00
-99.00
-99.00
-99.00
-99.00
-99.00
-99.00
-99.00
-99.00
-99.00
-99.00
-99.00
-99.00
-99.00
-99.00
-99.00
-99.00
-99.00
-99.00
-99.00
-99.00
-99.00
-99.00
-99.00
-99.00
-99.00
-99.00
-99.00
-99.00
-99.00
-99.00
-99.00
-99.00
-99.00
-99.00
-99.00
-99.00
-99.00
-99.00
-99.00
-99.00
-99.00
-99.00
-99.00
-99.00
-99.00
-99.00
-99.00
-99.00
-99.00
-99.00
-99.00
-99.00
-99.00
-99.00
-99.00
-99.00
-99.00
-99.00
-99.00
-99.00
-99.00
-99.00
-99.00
-99.00
-99.00
-99.00
-99.00
-99.00
-99.00
-99.00
-99.00
-99.00
-99.00
-99.00
-99.00
-99.00
-99.00
-99.00
-99.00
-99.00
-99.00
-99.00
-99.00
-99.00
-99.00
-99.00
-99.00
-99.00
-99.00
-99.00
-99.00
-99.00
-99.00
-99.00
-99.00
-99.00
-99.00
-99.00
-99.00
-99.00
-99.00
-99.00
-99.00
-99.00
-99.00
-99.00
-99.00
-99.00
-99.00
-99.00
-99.00
-99.00
-99.00
-99.00
-99.00
-99.00
-99.00
-99.00
-99.00
-99.00
-99.00
-99.00
-99.00
-99.00
-99.00
-99.00
-99.00
-99.00
-99.00
-99.00
-99.00
-99.00
-99.00
-99.00
-99.00
-99.00
-99.00
-99.00
-99.00
-99.00
-99.00
-99.00
-99.00
-99.00
-99.00
-99.00
-99.00
-99.00
-99.00
-99.00
-99.00
-99.00
-99.00
-99.00
-99.00
-99.00
-99.00
-99.00
-99.00
-99.00
-99.00
-99.00
-99.00
-99.00
-99.00
-99.00
-99.00
-99.00
-99.00
-99.00
-99.00
-99.00
-99.00
-99.00
-99.00
-99.00
-99.00
-99.00
-99.00
-99.00
-99.00
-99.00
-99.00
-99.00
-99.00
-99.00
-99.00
-99.00
-99.00
-99.00
-99.00
-99.00
-99.00
-99.00
-99.00
-99.00
-99.00
-99.00
-99.00
-99.00
-99.00
-99.00
-99.00
-99.00
-99.00
-99.00
-99.00
-99.00
-99.00
-99.00
-99.00
-99.00
-99.00
-99.00
-99.00
-99.00
-99.00
-99.00
-99.00
-99.00
-99.00
-99.00
-99.00
-99.00
-99.00
-99.00
-99.00
-99.00
-99.00
-99.00
-99.00
-99.00
-99.00
-99.00
-99.00
-99.00
-99.00
-99.00
-99.00
-99.00
-99.00
-99.00
-99.00
-99.00
-99.00
-99.00
-99.00
-99.00
-99.00
-99.00
-99.00
-99.00
-99.00
-99.00
-99.00
-99.00
-99.00
-99.00
-99.00
-99.00
-99.00
-99.00
-99.00
-99.00
-99.00
-99.00
-99.00
-99.00
-99.00
-99.00
-99.00
-99.00
-99.00
-99.00
-99.00
-99.00
-99.00
-99.00
-99.00
-99.00
-99.00
-99.00
-99.00
-99.00
-99.00
-99.00
-99.00
-99.00
-99.00
-99.00
-99.00
-99.00
-99.00
-99.00
-99.00
-99.00
-99.00
-99.00
-99.00
-99.00
-99.00
-99.00
-99.00
-99.00
-99.00
-99.00
-99.00
-99.00
-99.00
-99.00
-99.00
-99.00
-99.00
-99.00
-99.00
-99.00
-99.00
-99.00
-99.00
-99.00
-99.00
-99.00
-99.00
-99.00
-99.00
-99.00
-99.00
-99.00
-99.00
-99.00
-99.00
-99.00
-99.00
-99.00
-99.00
-99.00
-99.00
-99.00
-99.00
-99.00
-99.00
-99.00
-99.00
-99.00
-99.00
-99.00
-99.00
-99.00
-99.00
-99.00
-99.00
-99.00
-99.00
-99.00
-99.00
-99.00
-99.00
-99.00
-99.00
-99.00
-99.00
-99.00
-99.00
-99.00
-99.00
-99.00
-99.00
-99.00
-99.00
-99.00
-99.00
-99.00
-99.00
-99.00
-99.00
-99.00
-99.00
-99.00
-99.00
-99.00
-99.00
-99.00
-99.00
-99.00
-99.00
-99.00
-99.00
-99.00
-99.00
-99.00
-99.00
-99.00
-99.00
-99.00
-99.00
-99.00
-99.00
-99.00
-99.00
-99.00
-99.00
-99.00
-99.00
-99.00
-99.00
-99.00
-99.00
-99.00
-99.00
-99.00
-99.00
-99.00
-99.00
-99.00
-99.00
-99.00
-99.00
-99.00
-99.00
-99.00
-99.00
-99.00
-99.00
-99.00
-99.00
-99.00
-99.00
-99.00
-99.00
-99.00
-99.00
-99.00
-99.00
-99.00
-99.00
-99.00
-99.00
-99.00
-99.00
-99.00
-99.00
-99.00
-99.00
-99.00
-99.00
-99.00
-99.00
-99.00
-99.00
-99.00
-99.00
-99.00
-99.00
-99.00
-99.00
-99.00
-99.00
-99.00
-99.00
-99.00
-99.00
-99.00
-99.00
-99.00
-99.00
-99.00
-99.00
-99.00
-99.00
-99.00
-99.00
-99.00
-99.00
-99.00
-99.00
-99.00
-99.00
-99.00
-99.00
-99.00
-99.00
-99.00
-99.00
-99.00
-99.00
-99.00
-99.00
-99.00
-99.00
-99.00
-99.00
-99.00
-99.00
-99.00
-99.00
-99.00
-99.00
-99.00
-99.00
-99.00
-99.00
-99.00
-99.00
-99.00
-99.00
-99.00
-99.00
-99.00
-99.00
-99.00
-99.00
-99.00
-99.00
-99.00
-99.00
-99.00
-99.00
-99.00
-99.00
-99.00
-99.00
-99.00
-99.00
-99.00
-99.00
-99.00
-99.00
-99.00
-99.00
-99.00
-99.00
-99.00
-99.00
-99.00
-99.00
-99.00
-99.00
-99.00
-99.00
-99.00
-99.00
-99.00
-99.00
-99.00
-99.00
-99.00
-99.00
-99.00
-99.00
-99.00
-99.00
-99.00
-99.00
-99.00
-99.00
-99.00
-99.00
-99.00
-99.00
-99.00
-99.00
-99.00
-99.00
-99.00
-99.00
-99.00
-99.00
-99.00
-99.00
-99.00
-99.00
-99.00
-99.00
-99.00
-99.00
-99.00
-99.00
-99.00
-99.00
-99.00
-99.00
-99.00
-99.00
-99.00
-99.00
-99.00
-99.00
-99.00
-99.00
-99.00
-99.00
-99.00
-99.00
-99.00
-99.00
-99.00
-99.00
-99.00
-99.00
-99.00
-99.00
-99.00
-99.00
-99.00
-99.00
-99.00
-99.00
-99.00
-99.00
-99.00
-99.00
-99.00
-99.00
-99.00
-99.00
-99.00
-99.00
-99.00
-99.00
-99.00
-99.00
-99.00
-99.00
-99.00
-99.00
-99.00
-99.00
-99.00
-99.00
-99.00
-99.00
-99.00
-99.00
-99.00
-99.00
-99.00
-99.00
-99.00
-99.00
-99.00
-99.00
-99.00
-99.00
-99.00
-99.00
-99.00
-99.00
-99.00
-99.00
-99.00
-99.00
-99.00
-99.00
-99.00
-99.00
-99.00
-99.00
-99.00
-99.00
-99.00
-99.00
-99.00
-99.00
-99.00
-99.00
-99.00
-99.00
-99.00
-99.00
-99.00
-99.00
-99.00
-99.00
-99.00
-99.00
-99.00
-99.00
-99.00
-99.00
-99.00
-99.00
-99.00
-99.00
-99.00
-99.00
-99.00
-99.00
-99.00
-99.00
-99.00
-99.00
-99.00
-99.00
-99.00
-99.00
-99.00
-99.00
-99.00
-99.00
-99.00
-99.00
-99.00
-99.00
-99.00
-99.00
-99.00
-99.00
-99.00
-99.00
-99.00
-99.00
-99.00
-99.00
-99.00
-99.00
-99.00
-99.00
-99.00
-99.00
-99.00
-99.00
-99.00
-99.00
-99.00
-99.00
-99.00
-99.00
-99.00
-99.00
-99.00
-99.00
-99.00
-99.00
-99.00
-99.00
-99.00
-99.00
-99.00
-99.00
-99.00
-99.00
-99.00
-99.00
-99.00
-99.00
-99.00
-99.00
-99.00
-99.00
-99.00
-99.00
-99.00
-99.00
-99.00
-99.00
-99.00
-99.00
-99.00
-99.00
-99.00
-99.00
-99.00
-99.00
-99.00
-99.00
-99.00
-99.00
-99.00
-99.00
-99.00
-99.00
-99.00
-99.00
-99.00
-99.00
-99.00
-99.00
-99.00
-99.00
-99.00
-99.00
-99.00
-99.00
-99.00
-99.00
-99.00
-99.00
-99.00
-99.00
-99.00
-99.00
-99.00
-99.00
-99.00
-99.00
-99.00
-99.00
-99.00
-99.00
-99.00
-99.00
-99.00
-99.00
-99.00
-99.00
-99.00
-99.00
-99.00
-99.00
-99.00
-99.00
-99.00
-99.00
-99.00
-99.00
-99.00
-99.00
-99.00
-99.00
-99.00
-99.00
-99.00
-99.00
-99.00
-99.00
-99.00
-99.00
-99.00
-99.00
-99.00
-99.00
-99.00
-99.00
-99.00
-99.00
-99.00
-99.00
-99.00
-99.00
-99.00
-99.00
-99.00
-99.00
-99.00
-99.00
-99.00
-99.00
-99.00
-99.00
-99.00
-99.00
-99.00
-99.00
-99.00
-99.00
-99.00
-99.00
-99.00
-99.00
-99.00
-99.00
-99.00
-99.00
-99.00
-99.00
-99.00
-99.00
-99.00
-99.00
-99.00
-99.00
-99.00
-99.00
-99.00
-99.00
-99.00
-99.00
-99.00
-99.00
-99.00
-99.00
-99.00
-99.00
-99.00
-99.00
-99.00
-99.00
-99.00
-99.00
-99.00
-99.00
-99.00
-99.00
-99.00
-99.00
-99.00
-99.00
-99.00
-99.00
-99.00
-99.00
-99.00
-99.00
-99.00
-99.00
-99.00
-99.00
-99.00
-99.00
-99.00
-99.00
-99.00
-99.00
-99.00
-99.00
-99.00
-99.00
-99.00
-99.00
-99.00
-99.00
-99.00
-99.00
-99.00
-99.00
-99.00
-99.00
-99.00
-99.00
-99.00
-99.00
-99.00
-99.00
-99.00
-99.00
-99.00
-99.00
-99.00
-99.00
-99.00
-99.00
-99.00
-99.00
-99.00
-99.00
-99.00
