20000101	
0	
0	
0	
0	
0	
0.1	
0	
0	
1.57	
0.33	
0	
0	
0	
0.7	
10.5	
0	
0	
0	
0	
0	
0	
0	
0	
0	
1.9	
0	
0	
0	
0	
0	
0	
0.1	
0	
0	
0	
0	
0	
0	
0	
0	
0	
0	
3.4	
0	
0	
0	
0	
0	
0	
0	
0	
0.6	
0	
0	
0	
0	
0	
0.1	
0	
0	
0	
0	
0	
0	
0	
0	
0	
0	
0	
0	
0	
0	
0	
0	
0	
0	
0	
0	
0	
0	
0	
0	
1.5	
0.1	
0	
0	
0.6	
7	
0	
0.04	
40.45	
0	
0	
0	
0	
0	
0	
0	
0	
0	
11.99	
7.29	
0	
0	
0	
0	
0	
0	
0	
0	
0	
0	
0	
0	
0	
0	
0	
0.2	
0.2	
0	
0	
0	
0	
0	
0.1	
0	
0	
0	
0	
0.1	
0.4	
0	
0	
0	
0	
0	
0	
0	
0	
5.7	
1.5	
0.19	
2.91	
0	
0	
0.2	
1.6	
6.7	
0	
0	
0	
0	
0	
0	
0	
0	
3.4	
0	
0	
0	
0.57	
42.33	
2.1	
0	
0	
0.4	
0	
0	
0	
0	
0	
0	
0	
0	
0.6	
0	
0	
0	
0	
0	
0	
0.1	
0.1	
0	
0	
0	
0	
0	
0	
0	
0	
1.6	
0	
0	
0	
0	
0	
0.7	
0	
0	
0	
0	
0	
0	
0.4	
0	
0	
0	
0	
0	
0	
0	
0	
0	
0	
0	
19.1	
0	
0	
0	
0	
0	
0	
0.4	
0.3	
0	
0	
0	
0	
0	
0	
0	
0	
0.5	
0	
0	
0	
0	
0	
0	
0	
0	
5.8	
0	
0	
9.45	
6.95	
0.7	
0	
0	
0	
0	
0	
0	
0	
0	
0	
0	
0	
0	
0	
0	
1.6	
0.1	
0	
0	
0	
0	
0	
0	
1.1	
14.39	
2.5	
0	
0	
0	
0	
0	
0	
0	
0	
0	
0	
0.8	
0.5	
7.1	
5.8	
0	
0	
0	
0	
0	
0	
0	
0.5	
16.7	
0.2	
0.1	
0	
4.5	
0	
0	
0.1	
0	
4.1	
0	
0.1	
0	
0	
0.5	
2.8	
0	
0	
0	
0	
0	
0	
4.5	
0	
0	
0	
0	
0	
0	
0	
0	
0.09	
8.41	
0	
0	
0.07	
0.13	
0	
7.3	
0	
0.2	
0	
0	
0	
0	
0.7	
3.4	
0	
0	
0	
0	
0	
0	
0	
0	
0	
0	
0	
0	
0	
0.2	
9.5	
33.08	
23.99	
0	
0.2	
0.3	
0.3	
0	
0	
0	
0	
0	
0	
0	
0	
0	
0	
0	
0	
0	
0	
0	
2.5	
8	
2.4	
0	
0	
0	
0	
0	
0	
0	
0	
0.2	
0	
0.3	
0.12	
2.08	
0	
0	
0	
0	
0	
0	
0	
0	
0	
0	
0	
0	
0	
0	
0.1	
3.6	
13.2	
0	
0	
0	
0	
0	
0	
0	
0	
0	
2.4	
2.1	
0	
0.8	
0	
0.4	
3.2	
0	
0	
2.3	
0	
8.59	
3.2	
0	
0	
0	
0.1	
0	
0	
0	
0	
0	
0	
0	
0	
0	
0	
0	
0	
0	
0	
0	
0	
1	
0	
0	
0	
0.1	
0	
0	
0	
0	
0	
0	
0	
0	
0	
0	
0	
0	
0	
0	
0	
0	
0	
2.6	
0	
0	
0	
0	
0	
0	
0.5	
0	
0	
11.79	
2.4	
0.1	
1.8	
0.2	
0.4	
0	
0	
0	
1.75	
1.95	
0	
0	
0	
0	
0	
0	
5.12	
6.98	
0	
0	
0	
0	
0	
0.1	
0	
0	
0	
0	
0	
0	
0	
0	
0	
0	
0	
0	
0	
0	
0	
0	
2.4	
0	
0	
0	
0	
0	
0	
0	
0	
0	
0	
0	
0	
0	
0	
0	
0	
0	
0	
0	
0	
0	
0	
0	
0	
0	
0	
0	
0	
0.3	
0	
0	
0	
0	
0.01	
21.68	
20.99	
0	
0	
27.78	
0	
0	
0	
0	
0	
0	
0	
0	
0	
0	
0	
0	
0	
0	
0	
0	
0	
0	
0	
0	
0	
0	
0	
0	
0	
0	
0.1	
0	
0	
0.3	
0	
0	
0	
0	
0	
0	
0	
0	
0	
0	
0	
5.8	
0.9	
0.6	
0.1	
2.4	
0.3	
0	
0	
0	
0	
0	
0	
0.1	
0	
0	
0	
0	
0	
1.2	
0	
0	
0	
0	
36.68	
0	
0.1	
0	
0	
0	
6.6	
2.5	
0	
0	
0.3	
1.3	
0.2	
0	
0	
0	
0	
10.8	
2	
0	
0	
1.7	
0	
0	
0	
3.4	
14.3	
0	
1.5	
0	
0	
0	
0	
0	
0	
0	
0	
0	
0.1	
0	
0	
0.1	
0	
0	
0	
0	
0	
0	
0	
0	
11.87	
0.13	
0	
0.5	
9.7	
48.08	
0.3	
1	
0	
0	
0	
0	
0	
0	
0	
0	
0	
0	
0	
0	
0	
0	
0	
0	
0	
0	
0	
0	
0	
0	
0	
0	
0	
10.9	
8.8	
0	
0.1	
1.2	
0	
0	
0	
0	
0	
0	
0	
0	
0	
0	
0	
0	
0	
0.5	
5.1	
14.19	
3.7	
0	
0	
0	
1.1	
0.3	
0	
0	
0	
0	
1	
1.1	
0	
0	
0	
0	
0	
0	
0	
1.1	
0	
0	
0	
0	
0	
0	
0.1	
0	
0	
0	
0	
0	
2.1	
0.1	
0	
0	
0	
0	
0	
0.1	
0	
0	
0.2	
7	
0	
0	
0	
0	
0	
0	
0	
0	
0	
0	
0	
0	
0	
4	
0.1	
1.02	
19.17	
0	
0	
0	
0	
0	
0	
0	
0	
0	
0	
0	
3.5	
0	
0	
0	
0	
0	
0	
0	
0	
0	
0	
0.1	
7.4	
0	
0	
0	
1	
25.78	
12.49	
0	
1	
9.5	
0.5	
0	
24.88	
1	
11.89	
0	
0	
0	
0	
0	
0	
0	
0	
0	
0	
0	
0	
0	
0	
0	
0	
0	
0	
0.2	
5.4	
6	
0	
0	
4.1	
5.8	
14.69	
1.9	
0.7	
14.99	
0.1	
0	
0	
0	
0	
0	
0	
0	
0	
0	
0	
0.8	
0	
0	
6.5	
0.2	
0	
0	
0	
0	
0	
0	
0	
5.3	
0	
0	
0.03	
12.66	
0	
0	
0	
0	
0	
0	
0	
0	
0	
0	
0	
0	
0	
0	
0	
0	
0	
0	
0	
0	
0	
0	
0.4	
0	
0	
0	
0	
0	
0	
0	
0	
0	
0	
0.7	
11.9	
0.1	
0	
0	
0	
0	
0	
0	
0	
0	
0	
0	
0	
0	
0	
0	
0	
2.3	
0	
12.8	
0.7	
0.1	
0	
0	
0	
0	
6.19	
5	
1.3	
0	
0	
0	
0	
4.3	
0	
0	
0.5	
0.1	
0	
0	
26.49	
6.1	
20.96	
0.53	
0	
14.8	
0	
0	
0	
0.1	
0	
2.2	
0	
0	
12.23	
5.86	
0	
0.2	
0.1	
0	
0	
4.1	
0	
0	
0	
4.93	
71.85	
0	
0	
1.51	
0.79	
0	
1.1	
0	
0	
0	
0	
0	
0.1	
0	
0.5	
5.5	
0.1	
0	
0	
0	
0	
1.75	
101.52	
28.1	
0	
0	
0	
0	
0.1	
0	
0	
0	
0	
0	
0	
0	
0	
0	
0	
0	
0	
0.1	
0.1	
0.1	
0	
0	
0	
0	
0	
0	
0	
3.1	
0	
0	
0	
0	
0.5	
0.14	
5.95	
1.7	
0	
0	
0	
0	
6.8	
0	
0	
8.3	
27.98	
0	
0	
0	
0	
0	
0	
0.9	
0	
0	
0	
0	
0	
0	
0	
0	
38.68	
0	
0	
0	
1.2	
0	
0	
0	
0	
0.5	
1.2	
0	
0	
0	
0	
0	
0	
0.7	
0	
0	
1.1	
0	
0	
0	
0	
0	
9.6	
3.7	
0	
0.2	
0	
0	
0	
0	
0	
0	
0	
0	
0	
0	
0.4	
0.6	
0.4	
0.6	
0	
0	
0	
0	
0	
0	
0	
0	
0	
0	
0	
0	
0	
0	
0.5	
0	
0	
0	
1.1	
0	
0.02	
4.68	
1.7	
0.2	
0	
0	
0.2	
8.2	
24.37	
1.02	
0.6	
0	
0	
13.5	
9.79	
0	
0	
0	
0	
0	
0	
0	
1.5	
0	
0	
0.1	
0	
0	
0	
0.1	
0	
0.2	
0	
0	
0	
0	
0	
0	
0	
0	
0	
0	
0	
0	
11.69	
0	
2.1	
0	
0	
0.6	
0	
0	
0	
0	
0	
0	
3.24	
0.06	
0	
0	
0	
0.5	
0	
0	
0	
0	
4.4	
0.1	
0	
0	
0	
0	
0	
0	
0	
0	
0	
0.1	
0	
0.4	
0	
0	
0.83	
10.57	
19	
0	
0	
0	
0	
0	
0	
0	
0.7	
0.38	
2.52	
0	
2.3	
0.1	
0	
0	
0.1	
0.79	
8.71	
0	
0	
0	
0	
0	
0	
0	
0	
0	
0	
1.2	
0	
0	
0	
0	
0.1	
0	
0	
0	
0	
0	
0.1	
0	
0	
0	
0	
0	
0	
0	
0	
0	
0	
0	
3.5	
0	
0	
0	
0	
0	
0.9	
1.4	
0	
0	
0	
0	
0	
0	
0	
0	
0	
0	
0	
0	
0	
0	
0	
0	
0	
0	
0	
0	
0	
0	
0	
0	
0	
0	
0	
0	
0	
0	
0	
0	
0	
0	
0	
0	
0	
0	
0	
0	
0	
0	
11.4	
0	
0	
0	
0.1	
0.1	
4.7	
0	
0	
0	
0	
0	
0	
0	
0	
0	
0	
3.9	
6.3	
0	
0	
16.2	
1.6	
0	
0	
0	
0	
0	
0	
0	
0	
0	
0	
0	
0	
0	
0.3	
0	
25.9	
0	
0	
28.9	
3.1	
1.3	
52.4	
0	
0	
0	
0	
0	
0	
0	
0	
0	
0	
0	
0.8	
0	
0	
4.1	
40.3	
39.6	
4.8	
9.5	
0	
0	
5.8	
0	
0	
0	
5.9	
5.4	
2.6	
0	
0	
16.6	
0	
0	
0	
0	
0	
0	
0.1	
0.3	
2.9	
9.5	
0.4	
0.1	
0	
0	
0	
18.99	
1.61	
0	
0	
0	
0	
0	
1.98	
1.72	
0	
0.04	
0.26	
0	
0	
0	
9.7	
0	
4.6	
16.4	
10.3	
0	
0.2	
0.4	
0	
0	
0	
0	
0	
0	
0	
0	
0	
0.7	
0	
0	
0	
0	
0	
0	
0	
0	
0	
0.4	
0	
0	
0	
0	
0	
0	
0	
0	
0	
0	
0	
0	
0	
0	
0	
0	
0	
0	
0	
0	
0	
0	
0	
0	
0	
0	
0.5	
0.4	
0	
0	
0	
0	
0.1	
4.5	
0	
0	
0	
0	
0	
0	
0	
0	
0	
0	
0.1	
0	
0	
0.1	
0	
29.7	
0.9	
0	
0	
8.4	
0.38	
0.13	
0	
0.8	
13.16	
29.14	
0	
0	
0	
0	
0.1	
0	
0	
0	
0.2	
1.9	
0	
0	
0.4	
0	
0.3	
0.8	
0	
0	
0	
0	
0	
0	
0	
0	
0.1	
0	
0	
0	
0.6	
14.6	
0.8	
24.5	
5.1	
0	
0	
5.1	
0	
0	
0	
0	
0	
5.31	
2.59	
0	
0	
6.5	
0	
0	
0	
13.4	
0	
0.3	
0	
0	
0	
8.8	
0	
0	
0	
0	
0	
2.8	
6.2	
0.1	
0	
1.5	
7.88	
1.72	
0.5	
0	
0	
0	
0	
0.1	
9.6	
1.4	
0.4	
0	
0	
0	
0	
0	
0	
0	
0	
0	
0	
0	
0	
0	
0	
0	
0	
0	
0	
0	
0	
0	
0	
0	
0	
0	
0	
0	
0	
0	
1.2	
0.6	
3	
6.9	
0	
0	
0	
3	
0	
0	
0	
0	
0	
0	
0	
0	
0	
0	
0	
0	
0	
0	
0	
0.3	
0.4	
0.1	
0	
0	
0	
12.6	
0	
0	
0	
0	
0	
0	
0	
0	
0	
0	
0	
0	
0	
0	
0	
0	
0	
2.2	
0	
0	
0	
0	
0	
1.4	
0	
0	
0	
0	
0	
0	
0	
0	
0	
0	
0	
0	
0	
0	
0	
0	
0	
0	
0	
0.5	
0	
0	
0	
0	
0.1	
0	
14.5	
0	
2.9	
0	
0	
0	
11.42	
6.78	
0	
0	
0	
6.4	
0.9	
0	
0.7	
6	
5.4	
0	
0	
0	
0	
0	
0	
0	
0	
0	
0	
0	
0	
0	
0	
0	
0	
0.1	
0.2	
0	
0	
0	
0	
0	
0	
0	
1.7	
0	
0	
0	
0	
0	
0.6	
0.5	
0	
1	
0	
0	
0	
3.9	
1.9	
6.7	
0.1	
0	
0	
0	
6.6	
0	
0	
0	
0.7	
0	
0	
0	
0	
0	
0	
0	
0	
0	
0	
0	
0	
0	
0	
0	
0	
0	
0	
0	
0	
0	
0	
0	
3.7	
0	
9.2	
0	
0	
2.43	
1.77	
0	
5.6	
5.4	
4	
0.1	
0	
0	
0	
0	
0	
0	
0	
0	
0	
0	
0	
0	
0	
0	
0	
0	
0	
0	
0	
0	
0	
0	
0	
0	
0	
0	
0	
0	
0.1	
0	
0	
0	
0	
0	
0	
0	
0	
0	
0	
0	
0	
0	
0	
0	
0	
0	
0	
0	
0	
0	
0	
0	
0	
0	
0	
0	
0	
8.8	
14.6	
4.5	
1	
0	
0	
0	
0	
0	
0	
0	
0	
0	
0	
0	
0.25	
0.2	
0	
0	
0	
0	
0	
22.6	
0	
0.7	
0	
0	
0	
0	
0	
0	
0	
0	
5.3	
0	
0	
0	
0	
0	
0.1	
0.1	
0	
0	
0.03	
0.77	
2.4	
1.4	
0	
0	
0	
0	
2.2	
0	
0	
0	
0	
0	
0	
0	
0	
0	
0.6	
0	
0	
0	
0	
0	
0	
0	
0	
0	
0	
0	
0	
0	
0	
0	
0.2	
0	
0	
0	
0	
0	
0	
0	
2.4	
2.5	
0	
1.4	
0	
0	
0	
0.4	
0	
0	
0	
1.99	
1.21	
0	
14.7	
10.8	
0	
0	
0.1	
0	
1.7	
0.1	
0	
0	
0	
0	
0	
0	
0	
0	
1	
0	
0	
0	
0	
0	
0	
0	
0	
0	
0	
0	
4.7	
0.1	
0	
0	
0	
0	
0	
0.5	
0.1	
0	
0	
0	
0	
0	
0	
1.4	
0	
0	
1.7	
0.8	
0	
0	
0	
0	
1.4	
1.1	
3.2	
0	
0	
0	
0	
0	
0	
0	
0.1	
0	
0	
0	
0	
0	
0	
0	
0	
0	
0	
0	
0	
39.9	
0	
3.9	
18.5	
0	
0	
0	
0	
0	
0	
0.7	
4.6	
19.9	
0	
0	
0	
0	
0	
0.1	
0	
0	
0	
0	
0	
0	
0	
0	
0	
0	
0	
0	
0	
0	
0	
0	
0	
0	
0.3	
21.3	
41.03	
6.57	
0.1	
0	
0	
0	
51.8	
0	
0	
4.3	
52.8	
0	
0	
0	
0	
0	
0	
0	
92.4	
0.1	
0	
0	
0	
0	
0	
0	
0	
0	
4.8	
0.5	
0	
0	
0	
0.3	
15.7	
3.5	
24.1	
47.4	
8.6	
0	
0.01	
1.39	
0.1	
0	
0.1	
0	
1.1	
0	
0	
0	
0	
0	
0	
0	
0.5	
0	
0	
0	
0	
0	
0	
0	
0	
22.82	
1.98	
2.1	
15	
25.2	
24.3	
36.2	
1.9	
0	
0	
0	
0	
0	
0	
0	
0	
0	
0	
0	
0	
0	
0	
0	
3.1	
0	
0	
0.2	
0	
0	
0	
0	
0	
0	
0	
0	
0	
0	
0	
0	
1.68	
1.03	
0	
0	
0	
0.6	
0	
0	
0	
0	
0	
0	
0	
0	
0	
0	
0	
0	
3.9	
0	
25	
14.3	
0.8	
5.7	
0	
0	
0	
0	
9.6	
5.1	
0	
0	
0	
0	
0	
0	
0	
0	
0	
0	
9.5	
15.7	
18.1	
11.8	
0	
0	
0	
0	
0	
0	
0	
0	
0	
0	
0	
0	
0	
0	
0	
0.3	
0	
0	
0	
1	
0	
0	
0.4	
0	
0	
0	
2.7	
0	
0	
0	
0	
0	
0	
0.9	
9.6	
0	
0	
0	
0	
0	
0	
0	
0	
0.1	
0	
0	
1.7	
0	
0.85	
0.15	
0	
0	
0	
0	
0	
0	
0	
0	
0	
0	
0.1	
0.1	
0	
0	
0	
0	
0	
0	
0	
0	
0.2	
0	
0	
0	
1	
0	
2.6	
0	
0	
0.6	
0	
0	
0	
0	
0	
0	
0.1	
0	
0	
0	
0	
0	
0	
0.68	
0.02	
0	
0	
0	
0	
0	
0	
1.6	
0	
0	
0	
0	
0	
0	
0	
0	
0	
0	
0	
0	
0	
0	
0	
0	
0	
0.22	
11.38	
0	
0	
0	
0	
0	
0	
0	
0	
0	
0.3	
0	
0	
0	
0	
0.3	
0.1	
0	
0	
0	
0	
0	
0.1	
0	
0	
0	
0	
0	
0	
0	
0	
0	
0	
0	
0	
0	
0	
7.2	
0	
0	
0	
0	
0	
0	
0	
0	
0	
0	
0	
0	
0	
0	
0	
0	
0	
0	
0	
0	
0	
0	
0	
0	
0	
0	
0	
0	
0	
0	
0	
7.3	
0	
0	
0	
2.3	
3.6	
8.4	
42.8	
0	
3.1	
0	
0	
0	
0	
0	
0.2	
3.2	
0.7	
0	
7.1	
0	
0	
0	
0	
0	
0	
0	
0	
0	
0	
0	
0	
0	
0	
0	
29.2	
15.4	
21.35	
0.55	
0	
0	
0	
0	
0	
0	
0	
16.3	
1.7	
0	
0	
0	
0	
0	
0	
0	
0	
0	
0	
0	
0	
0	
1.7	
0	
0.1	
13.7	
4.7	
2.5	
0	
0	
0	
0.2	
1.4	
0.3	
0.4	
0	
0	
0.8	
0	
0	
0	
0	
0	
0	
0	
0	
0	
0	
0	
0	
0	
0	
0.2	
0	
0	
0	
0	
0	
0	
0	
0.2	
0	
0.7	
0	
0	
0	
0	
0	
0	
0	
0	
0	
0	
0	
0.9	
0	
0	
0.1	
0	
0	
0	
22.6	
0	
1.2	
0	
0	
0	
0	
0.2	
0	
4.92	
0.28	
0	
3.6	
0.5	
0	
0	
4.2	
0.8	
0	
0	
0	
0	
0.2	
0.1	
0	
0	
0.1	
0	
0	
0	
0	
0	
0	
0	
0	
0.1	
0	
0	
0	
0	
0	
0.8	
0	
0	
0	
0	
0	
0.5	
0	
0	
1.1	
0	
0	
0	
0	
0.1	
0	
0	
0	
0	
0	
0.4	
0	
0	
6.9	
5.3	
0	
0	
0	
0	
0	
0	
0	
14.6	
0.1	
0	
0	
0.4	
0.1	
0	
0	
0	
0	
0	
0	
0	
0	
0	
0	
0	
0	
10.4	
0	
0	
0	
0.1	
0	
0	
0	
0	
0	
0	
0	
0	
0	
0	
0	
0	
0	
0	
0	
0	
4.7	
1.3	
0.06	
1.94	
1.8	
53.8	
6.2	
31.3	
2.48	
0.12	
0	
0	
1.4	
0.3	
0	
5.2	
8.31	
3.09	
0	
0	
0	
0	
0	
0	
0	
0.1	
0	
0	
0	
0	
0	
0	
25.3	
0.1	
30.5	
0	
3.2	
0.1	
0	
0	
0	
0	
0	
0	
0	
0	
0	
0.5	
0	
0	
0	
0	
0	
0	
0.3	
0	
0	
0.2	
0	
0	
0	
0	
0	
0	
0	
0	
0	
0	
0	
0	
0	
0	
0	
0	
0	
8.5	
0	
0	
0	
0	
0	
0	
0.4	
0	
0	
0	
0	
0	
0	
0	
0	
0	
0	
0	
0	
0.5	
0	
0	
0	
0	
0	
0	
0	
0	
0	
0	
0	
0	
0	
0	
0	
0	
0	
0	
0	
3.3	
0	
0	
0	
0	
0	
0	
0	
0	
0	
0	
0	
0	
0	
0	
0	
0	
1.9	
2	
0	
0	
0	
17.1	
0.4	
0	
0	
2.6	
9.1	
3	
30.2	
0	
0.6	
15.06	
0.04	
0.3	
0	
0	
0	
0	
0.2	
0	
0	
0	
0	
0	
0	
0	
0	
0	
0	
0	
0	
0	
0	
0	
0	
0	
0	
0	
0.35	
0.05	
0	
10.4	
3.5	
0	
0	
2.1	
0	
0	
0	
5.7	
0	
0	
0	
0.1	
22.6	
3.5	
0	
0	
0	
0	
0.3	
1.8	
0	
0	
0	
0	
8.1	
19.9	
0	
0	
0	
0	
0	
0	
0	
0	
0.22	
4.38	
0	
0	
0	
0	
0	
0	
0	
0	
0	
0	
0	
0	
0	
0	
0	
0	
0	
0	
0	
0	
0	
0	
0	
1.6	
0.6	
0.1	
0.2	
0	
0	
0	
0	
0	
0	
0	
0	
0	
0	
0	
0	
0	
0	
0	
0	
0	
0	
0	
0	
0	
0.1	
0	
8.8	
22	
0	
1.7	
16.3	
0.2	
0	
0	
0	
0	
0	
0	
0	
0	
0	
0	
5.1	
14.6	
0.1	
0	
0	
0	
0	
0.1	
0.9	
0.2	
0	
0	
0	
0	
0	
0	
0	
0	
0	
0	
0	
0	
0	
0	
0	
0	
0	
0	
0	
0	
0	
0	
1.23	
0.57	
0	
0	
0	
0	
0	
0.1	
0	
0	
0	
0.6	
0	
0	
0.03	
1.28	
2	
0.6	
0	
0	
0.2	
2.5	
2.4	
0	
0.1	
0.1	
0	
0	
0.1	
0	
0	
0	
0	
0	
0	
0.9	
0	
0	
0	
0	
0	
0	
0.1	
0	
0	
0	
0.5	
0	
0.03	
3.27	
0	
0	
0	
0	
0	
0	
3.6	
0	
0	
0	
0	
0	
0	
0	
0	
0	
2.2	
0	
5.63	
0.08	
0	
0	
0	
0	
6.1	
2.8	
0	
3.6	
0	
0	
0	
0	
0	
0	
0	
0.7	
0	
0	
0	
0	
0	
0	
0	
0	
0	
0.14	
35.73	
94.07	
1.85	
0	
0	
0.2	
0.3	
0	
2.6	
0	
12.3	
0	
0	
1	
0.6	
3.9	
8.8	
1.6	
3	
0	
0	
0	
1.1	
8.5	
0	
3.2	
0.1	
1.57	
0.53	
0	
0	
0	
2.9	
0	
0	
0	
0	
0	
0.5	
0	
0	
0	
0	
0	
0	
0	
0	
0	
0	
3.8	
0	
0	
2.2	
0	
0	
0	
0	
0	
0	
0	
0	
0	
0	
22.9	
36.5	
0	
0	
0	
0	
0	
0	
0	
0.1	
0.71	
0.89	
0	
0.4	
0	
0	
0	
0	
0	
0	
0	
0	
0	
0	
0	
0	
0	
0	
0	
0	
0	
0	
0	
0	
0	
0	
0	
0	
0	
0	
1	
0	
11	
0.12	
1.88	
1.2	
0	
0	
0	
0	
0	
0	
0.6	
0	
0	
0	
0	
0	
0	
0	
0	
0	
0.1	
0	
0	
0	
0	
0	
0	
0	
0	
0	
0	
15.3	
5.3	
0.2	
0.7	
1.3	
0	
0	
0	
0	
0	
0	
0	
0	
0	
0	
0	
1.1	
0	
0	
0	
0	
0	
0	
0.1	
0	
0	
6.8	
0	
0	
0	
0.3	
1.8	
0	
0	
0	
0	
21.7	
26.5	
0	
11	
5.5	
11.6	
0	
0	
0	
0	
0	
0	
0	
0	
0	
0	
0	
0.2	
0	
0	
0	
0	
0	
0	
0	
0	
0	
0	
0	
0	
0.2	
9.1	
2.3	
0	
0	
0	
0	
0	
0	
0	
0	
0	
10.3	
5.7	
0	
0	
4.9	
0.06	
3.64	
0.8	
0	
0	
0	
0	
0	
0	
0	
0.1	
0	
14.7	
12.77	
3.92	
0.2	
1.5	
0.2	
0	
6.9	
0	
0	
0	
2.3	
3.8	
0	
14.4	
8.6	
0	
0	
0	
0	
0	
0	
0	
0	
13.7	
0	
0	
0.1	
0	
0	
0.2	
0	
0	
0	
0	
0	
11.97	
15.12	
2.26	
0.74	
0	
0.04	
0.06	
0	
0	
0	
0	
0	
0	
0	
0	
0	
0	
0	
0	
0	
0	
0	
0	
0	
0	
0	
0	
0.1	
3.3	
0.2	
0	
0.3	
8.2	
0	
0	
0	
0	
0	
0	
0	
0	
0	
0	
0	
0	
0	
0	
0	
0.1	
0	
0	
0	
0	
0	
0	
0	
9.55	
6.35	
17.6	
9.1	
6	
6.6	
0.5	
0.1	
0	
0.12	
31.08	
1.3	
0	
0.3	
22	
1.9	
0	
0	
0	
0	
0	
0	
0.5	
1.6	
0	
0	
0	
0	
0	
11.3	
0	
0	
0	
7.1	
6.1	
0	
0	
0	
0	
0	
0	
0	
0	
0	
0	
0	
0	
10.4	
0.3	
0	
0	
0	
0	
0	
0	
0	
0	
0	
0	
0	
0	
0	
0	
0	
0	
0	
0	
0	
0	
6.4	
1.8	
0	
0	
0	
0	
0	
0	
0	
0	
0	
0	
0	
0	
1.9	
1.2	
0	
0	
0	
0	
2.4	
0	
0	
0	
0	
0	
0	
0	
0	
0	
0	
0	
0	
0.2	
0.3	
0	
0	
0	
0	
0	
0	
0	
0	
0	
0	
0	
0	
0	
0	
0	
0	
0	
0	
0	
0	
0	
0	
0	
0	
0	
0	
0	
0	
0	
0	
0	
0	
0	
0	
0	
0	
0	
0	
0	
0	
0	
0	
0	
0	
15	
0	
0.8	
0	
0	
0	
0.8	
0	
0.3	
0	
0	
0	
0	
0	
0	
0	
0	
0	
0	
0	
0	
0.9	
40.2	
2.8	
0	
10.3	
0.3	
0.1	
0	
0.3	
0.5	
0	
0	
0	
0	
0	
0	
0	
11.8	
0	
0	
0	
0	
0	
0.1	
0.1	
0.2	
0.8	
0	
0	
0	
0	
0	
0	
0	
0	
0	
0.03	
1.27	
13.2	
63	
0	
0	
0	
0	
0	
0	
0	
0	
0	
0	
0	
0	
0	
0	
0	
0	
0	
0	
0	
0	
0	
0	
0.1	
0	
0.1	
0	
0.1	
0	
0	
0	
0.3	
0	
0	
0.2	
0.4	
0.1	
0	
4.7	
0	
-99	
-99	
-99	
-99	
-99	
-99	
-99	
-99	
-99	
0	
0	
0	
4.7	
15.68	
5.92	
0	
0	
0	
0	
0	
8.9	
5	
14.4	
10.56	
0.67	
3.07	
0.1	
0	
2.1	
0.1	
0.2	
0	
0	
0.1	
11.6	
11	
0	
15.32	
4.78	
0	
0	
0	
9	
0.25	
2.55	
0	
0	
1.3	
3.12	
0.87	
0	
0	
0	
0	
0.6	
11.6	
0	
0	
0	
0	
0	
1.18	
0.02	
0	
0	
10.1	
0.2	
0	
0	
12.85	
4.75	
0	
0	
0	
0	
0	
5.05	
2.35	
0.4	
7	
12.2	
0	
3.5	
0	
0	
0	
0	
0	
0.7	
0	
0	
0.4	
17.1	
0.1	
0	
0	
6.8	
20.9	
0	
0.5	
0	
0	
0	
0	
0	
0	
0.1	
0	
0	
0	
5	
7.7	
0	
0	
0	
0	
0	
0	
0	
1.3	
0	
0	
0	
0	
4.1	
0	
0	
3.2	
0	
0	
0	
0	
1.3	
0.1	
0.2	
0	
0	
0	
0	
0	
0	
0	
0	
0.3	
0	
0	
0	
0	
0	
0	
0	
0	
0.7	
75	
25.4	
0	
0	
0	
0	
0.7	
0.1	
0	
6.9	
0.33	
1.27	
1.8	
0	
0	
0	
0	
0	
0	
0	
0	
0	
0.1	
0	
0	
0.2	
0	
0	
0	
0	
0	
0	
0	
0	
2.6	
0	
0	
13.9	
0.2	
0.2	
0	
0	
24.2	
0.8	
0	
0	
0	
0	
0	
0	
0	
0	
0	
0	
0	
0	
0	
0	
0	
0	
0	
0	
0	
0	
0	
0	
0	
0	
0	
0	
0	
0	
0	
0	
0	
0	
0	
0	
0	
0	
0	
0.1	
0	
0	
0	
0	
0	
0	
0	
1.7	
0.34	
3.36	
0	
0	
0	
0	
0	
0	
0.1	
0	
0	
15.4	
0.55	
0.65	
0	
0	
0	
0	
15.8	
0	
0	
0	
0	
0	
0	
0	
0	
0	
0.2	
0	
0.3	
-99	
-99	
-99	
-99	
-99	
-99	
-99	
-99	
-99	
-99	
-99	
-99	
-99	
-99	
-99	
-99	
-99	
-99	
-99	
-99	
-99	
-99	
-99	
-99	
-99	
-99	
-99	
-99	
-99	
0	
-99	
-99	
-99	
-99	
-99	
-99	
-99	
-99	
-99	
-99	
-99	
-99	
-99	
-99	
-99	
-99	
-99	
-99	
-99	
-99	
-99	
-99	
-99	
-99	
-99	
-99	
-99	
-99	
-99	
0	
0	
-99	
-99	
-99	
-99	
-99	
-99	
-99	
-99	
-99	
-99	
-99	
-99	
-99	
-99	
-99	
-99	
-99	
-99	
-99	
-99	
-99	
-99	
-99	
-99	
-99	
-99	
-99	
-99	
-99	
-99	
-99	
-99	
-99	
-99	
-99	
-99	
-99	
-99	
-99	
-99	
-99	
-99	
-99	
-99	
-99	
-99	
-99	
-99	
-99	
0	
0.9	
1.18	
20.22	
0	
0	
0	
0	
0	
0	
3.63	
0.17	
2	
0.2	
0	
0	
1	
0.2	
0.1	
0	
0	
0	
0	
0	
0	
0	
0	
0	
0	
0	
0	
0	
0	
0	
0	
0	
0	
0	
1.3	
42.7	
0.1	
6.6	
1.3	
0	
0	
0	
0	
0	
0	
0	
0	
0	
0	
0	
0	
0	
1.1	
0.7	
0.6	
5.5	
0	
0.9	
-99	
-99	
-99	
-99	
-99	
-99	
-99	
-99	
-99	
-99	
-99	
-99	
-99	
-99	
-99	
-99	
-99	
-99	
-99	
-99	
-99	
-99	
-99	
-99	
-99	
-99	
-99	
-99	
-99	
-99	
-99	
-99	
-99	
-99	
-99	
-99	
-99	
-99	
-99	
-99	
-99	
-99	
-99	
-99	
-99	
-99	
-99	
-99	
-99	
-99	
-99	
-99	
-99	
-99	
-99	
-99	
-99	
-99	
-99	
-99	
-99	
-99	
-99	
-99	
-99	
-99	
-99	
-99	
-99	
-99	
-99	
-99	
-99	
-99	
-99	
-99	
-99	
-99	
-99	
-99	
-99	
-99	
-99	
-99	
-99	
-99	
-99	
-99	
-99	
-99	
-99	
-99	
-99	
-99	
-99	
-99	
-99	
-99	
-99	
-99	
-99	
-99	
-99	
-99	
-99	
-99	
-99	
-99	
-99	
-99	
-99	
-99	
-99	
-99	
-99	
-99	
-99	
-99	
-99	
-99	
-99	
-99	
-99	
-99	
-99	
-99	
-99	
-99	
-99	
-99	
-99	
-99	
-99	
-99	
-99	
-99	
-99	
-99	
-99	
-99	
-99	
-99	
-99	
-99	
-99	
-99	
-99	
-99	
-99	
-99	
-99	
-99	
-99	
-99	
-99	
-99	
-99	
-99	
-99	
-99	
-99	
-99	
-99	
-99	
-99	
-99	
-99	
-99	
-99	
-99	
-99	
-99	
-99	
-99	
-99	
-99	
-99	
-99	
-99	
-99	
-99	
-99	
-99	
-99	
-99	
-99	
-99	
-99	
-99	
-99	
-99	
-99	
-99	
-99	
-99	
-99	
-99	
-99	
-99	
-99	
-99	
-99	
-99	
-99	
-99	
-99	
-99	
-99	
-99	
-99	
-99	
-99	
-99	
-99	
-99	
-99	
-99	
-99	
-99	
-99	
-99	
-99	
-99	
-99	
-99	
-99	
-99	
-99	
-99	
-99	
-99	
-99	
-99	
-99	
-99	
-99	
-99	
-99	
-99	
-99	
-99	
-99	
-99	
-99	
-99	
-99	
-99	
-99	
-99	
-99	
-99	
-99	
-99	
-99	
-99	
-99	
-99	
-99	
-99	
-99	
-99	
-99	
-99	
-99	
-99	
-99	
-99	
-99	
-99	
-99	
-99	
-99	
-99	
-99	
-99	
-99	
-99	
-99	
-99	
-99	
-99	
-99	
-99	
-99	
-99	
-99	
-99	
-99	
-99	
-99	
-99	
-99	
-99	
-99	
-99	
-99	
-99	
-99	
-99	
-99	
-99	
-99	
-99	
-99	
-99	
-99	
-99	
-99	
-99	
-99	
-99	
-99	
-99	
-99	
-99	
-99	
-99	
-99	
-99	
-99	
-99	
-99	
-99	
-99	
-99	
-99	
-99	
-99	
-99	
-99	
-99	
-99	
-99	
-99	
-99	
-99	
-99	
-99	
-99	
-99	
-99	
-99	
-99	
-99	
-99	
-99	
-99	
-99	
-99	
-99	
-99	
-99	
-99	
-99	
-99	
-99	
-99	
-99	
-99	
-99	
-99	
-99	
-99	
-99	
-99	
-99	
-99	
-99	
-99	
-99	
-99	
-99	
-99	
-99	
-99	
-99	
-99	
-99	
-99	
-99	
-99	
-99	
-99	
-99	
-99	
-99	
-99	
-99	
-99	
-99	
-99	
-99	
-99	
-99	
-99	
-99	
-99	
-99	
-99	
-99	
-99	
-99	
-99	
-99	
-99	
-99	
-99	
-99	
-99	
-99	
-99	
-99	
-99	
-99	
-99	
-99	
-99	
-99	
-99	
-99	
-99	
-99	
-99	
-99	
-99	
-99	
-99	
-99	
-99	
-99	
-99	
-99	
-99	
-99	
-99	
-99	
-99	
-99	
-99	
-99	
-99	
-99	
-99	
-99	
-99	
-99	
-99	
-99	
-99	
-99	
-99	
-99	
-99	
-99	
-99	
-99	
-99	
-99	
-99	
-99	
-99	
-99	
-99	
-99	
-99	
-99	
-99	
-99	
-99	
-99	
-99	
-99	
-99	
-99	
-99	
-99	
-99	
-99	
-99	
-99	
-99	
-99	
-99	
-99	
-99	
-99	
-99	
-99	
-99	
-99	
-99	
-99	
-99	
-99	
-99	
-99	
-99	
-99	
-99	
-99	
-99	
-99	
-99	
-99	
-99	
-99	
-99	
-99	
-99	
-99	
-99	
-99	
-99	
-99	
-99	
-99	
-99	
-99	
-99	
-99	
-99	
-99	
-99	
-99	
-99	
-99	
-99	
-99	
-99	
-99	
-99	
-99	
-99	
-99	
-99	
-99	
-99	
-99	
-99	
-99	
-99	
-99	
-99	
-99	
-99	
-99	
-99	
-99	
-99	
-99	
-99	
-99	
-99	
-99	
-99	
-99	
-99	
-99	
-99	
-99	
-99	
-99	
-99	
-99	
-99	
-99	
-99	
-99	
-99	
-99	
-99	
-99	
-99	
-99	
-99	
-99	
-99	
-99	
-99	
-99	
-99	
-99	
-99	
-99	
-99	
-99	
-99	
-99	
-99	
-99	
-99	
-99	
-99	
-99	
-99	
-99	
-99	
-99	
-99	
-99	
-99	
-99	
-99	
-99	
-99	
-99	
-99	
-99	
-99	
-99	
-99	
-99	
-99	
-99	
-99	
-99	
-99	
-99	
-99	
-99	
-99	
-99	
-99	
-99	
-99	
-99	
-99	
-99	
-99	
-99	
-99	
-99	
-99	
-99	
-99	
-99	
-99	
-99	
-99	
-99	
-99	
-99	
-99	
-99	
-99	
-99	
-99	
-99	
-99	
-99	
-99	
-99	
-99	
-99	
-99	
-99	
-99	
-99	
-99	
-99	
-99	
-99	
-99	
-99	
-99	
-99	
-99	
-99	
-99	
-99	
-99	
-99	
-99	
-99	
-99	
-99	
-99	
-99	
-99	
-99	
-99	
-99	
-99	
-99	
-99	
-99	
-99	
-99	
-99	
-99	
-99	
-99	
-99	
-99	
-99	
-99	
-99	
-99	
-99	
-99	
-99	
-99	
-99	
-99	
-99	
-99	
-99	
-99	
-99	
-99	
-99	
-99	
-99	
-99	
-99	
-99	
-99	
-99	
-99	
-99	
-99	
-99	
-99	
-99	
-99	
-99	
-99	
-99	
-99	
-99	
-99	
-99	
-99	
-99	
-99	
-99	
-99	
-99	
-99	
-99	
-99	
-99	
-99	
-99	
-99	
-99	
-99	
-99	
-99	
-99	
-99	
-99	
-99	
-99	
-99	
-99	
-99	
-99	
-99	
-99	
-99	
-99	
-99	
-99	
-99	
-99	
-99	
-99	
-99	
-99	
-99	
-99	
-99	
-99	
-99	
-99	
-99	
-99	
-99	
-99	
-99	
-99	
-99	
-99	
-99	
-99	
-99	
-99	
-99	
-99	
-99	
-99	
-99	
-99	
-99	
-99	
-99	
-99	
-99	
-99	
-99	
-99	
-99	
-99	
-99	
-99	
-99	
-99	
-99	
-99	
-99	
-99	
-99	
-99	
-99	
-99	
-99	
-99	
-99	
-99	
-99	
-99	
-99	
-99	
-99	
-99	
-99	
-99	
-99	
-99	
-99	
-99	
-99	
-99	
-99	
-99	
-99	
-99	
-99	
-99	
-99	
-99	
-99	
-99	
-99	
-99	
-99	
-99	
-99	
-99	
-99	
-99	
-99	
-99	
-99	
-99	
-99	
-99	
-99	
-99	
-99	
-99	
-99	
-99	
-99	
-99	
-99	
-99	
-99	
-99	
-99	
-99	
-99	
-99	
-99	
-99	
-99	
-99	
-99	
-99	
-99	
-99	
-99	
-99	
-99	
-99	
-99	
-99	
-99	
-99	
-99	
-99	
-99	
-99	
-99	
-99	
-99	
-99	
-99	
-99	
-99	
-99	
-99	
-99	
-99	
-99	
-99	
-99	
-99	
-99	
-99	
-99	
-99	
-99	
-99	
-99	
-99	
-99	
-99	
-99	
-99	
-99	
-99	
-99	
-99	
-99	
-99	
-99	
-99	
-99	
-99	
-99	
-99	
-99	
-99	
-99	
-99	
-99	
-99	
-99	
-99	
-99	
-99	
-99	
-99	
-99	
-99	
-99	
-99	
-99	
-99	
-99	
-99	
-99	
-99	
-99	
-99	
-99	
-99	
-99	
-99	
-99	
-99	
-99	
-99	
-99	
-99	
-99	
-99	
-99	
-99	
-99	
-99	
-99	
-99	
-99	
-99	
-99	
-99	
-99	
-99	
-99	
-99	
-99	
-99	
-99	
-99	
-99	
-99	
-99	
-99	
-99	
-99	
-99	
-99	
-99	
-99	
-99	
-99	
-99	
-99	
-99	
-99	
-99	
-99	
-99	
-99	
-99	
-99	
-99	
-99	
-99	
-99	
-99	
-99	
-99	
-99	
-99	
-99	
-99	
-99	
-99	
-99	
-99	
-99	
-99	
-99	
-99	
-99	
-99	
-99	
-99	
-99	
-99	
-99	
-99	
-99	
-99	
-99	
-99	
-99	
-99	
-99	
-99	
-99	
-99	
-99	
-99	
-99	
-99	
-99	
-99	
-99	
-99	
-99	
-99	
-99	
-99	
-99	
-99	
-99	
-99	
-99	
-99	
-99	
-99	
-99	
-99	
-99	
-99	
-99	
-99	
-99	
-99	
-99	
-99	
-99	
-99	
-99	
-99	
-99	
-99	
-99	
-99	
-99	
-99	
-99	
-99	
-99	
-99	
-99	
-99	
-99	
-99	
-99	
-99	
-99	
-99	
-99	
-99	
-99	
-99	
-99	
-99	
-99	
-99	
-99	
-99	
-99	
-99	
-99	
-99	
-99	
-99	
-99	
-99	
-99	
-99	
-99	
-99	
-99	
-99	
-99	
-99	
-99	
-99	
-99	
-99	
-99	
-99	
-99	
-99	
-99	
-99	
-99	
-99	
-99	
-99	
-99	
-99	
-99	
-99	
-99	
-99	
-99	
-99	
-99	
-99	
-99	
-99	
-99	
-99	
-99	
-99	
-99	
-99	
-99	
-99	
-99	
-99	
-99	
-99	
-99	
-99	
-99	
-99	
-99	
-99	
-99	
-99	
-99	
-99	
-99	
-99	
-99	
-99	
-99	
-99	
-99	
-99	
-99	
-99	
-99	
-99	
-99	
-99	
-99	
-99	
-99	
-99	
-99	
-99	
-99	
-99	
-99	
-99	
-99	
-99	
-99	
-99	
-99	
-99	
-99	
-99	
-99	
-99	
-99	
-99	
-99	
-99	
-99	
-99	
-99	
-99	
-99	
-99	
-99	
-99	
-99	
-99	
-99	
-99	
-99	
-99	
-99	
-99	
-99	
-99	
-99	
-99	
-99	
-99	
-99	
-99	
-99	
-99	
-99	
-99	
-99	
-99	
-99	
-99	
-99	
-99	
-99	
-99	
-99	
-99	
-99	
-99	
-99	
-99	
-99	
-99	
-99	
-99	
-99	
-99	
-99	
-99	
-99	
-99	
-99	
-99	
-99	
-99	
-99	
-99	
-99	
-99	
-99	
-99	
-99	
-99	
-99	
-99	
-99	
-99	
-99	
-99	
-99	
-99	
-99	
-99	
-99	
-99	
-99	
-99	
-99	
-99	
-99	
-99	
-99	
-99	
-99	
-99	
-99	
-99	
-99	
-99	
-99	
-99	
-99	
-99	
-99	
-99	
-99	
-99	
-99	
-99	
-99	
-99	
-99	
-99	
-99	
-99	
-99	
-99	
-99	
-99	
-99	
-99	
-99	
-99	
-99	
-99	
-99	
-99	
-99	
-99	
-99	
-99	
-99	
-99	
-99	
-99	
-99	
-99	
-99	
-99	
-99	
-99	
-99	
-99	
-99	
-99	
-99	
-99	
-99	
-99	
-99	
-99	
-99	
-99	
-99	
-99	
-99	
-99	
-99	
-99	
-99	
-99	
-99	
-99	
-99	
-99	
-99	
-99	
-99	
-99	
-99	
-99	
-99	
-99	
-99	
-99	
-99	
-99	
-99	
-99	
-99	
-99	
-99	
-99	
-99	
-99	
-99	
-99	
-99	
-99	
-99	
-99	
-99	
-99	
-99	
-99	
-99	
-99	
-99	
-99	
-99	
-99	
-99	
-99	
-99	
-99	
-99	
-99	
-99	
-99	
-99	
-99	
-99	
-99	
-99	
-99	
-99	
-99	
-99	
-99	
-99	
-99	
-99	
-99	
-99	
-99	
-99	
-99	
-99	
-99	
-99	
-99	
-99	
-99	
-99	
-99	
-99	
-99	
-99	
-99	
-99	
-99	
-99	
-99	
-99	
-99	
-99	
-99	
-99	
-99	
-99	
-99	
-99	
-99	
-99	
-99	
-99	
-99	
-99	
-99	
-99	
-99	
-99	
-99	
-99	
-99	
-99	
-99	
-99	
-99	
-99	
-99	
-99	
-99	
-99	
-99	
-99	
-99	
-99	
-99	
-99	
-99	
-99	
-99	
-99	
-99	
-99	
-99	
-99	
-99	
-99	
-99	
-99	
-99	
-99	
-99	
-99	
-99	
-99	
-99	
-99	
-99	
-99	
-99	
-99	
-99	
-99	
-99	
-99	
-99	
-99	
-99	
-99	
-99	
-99	
-99	
-99	
-99	
-99	
-99	
-99	
-99	
-99	
-99	
-99	
-99	
-99	
-99	
-99	
-99	
-99	
-99	
-99	
-99	
-99	
-99	
-99	
-99	
-99	
-99	
-99	
-99	
-99	
-99	
-99	
-99	
-99	
-99	
-99	
-99	
-99	
-99	
-99	
-99	
-99	
-99	
-99	
-99	
-99	
-99	
-99	
-99	
-99	
-99	
-99	
-99	
-99	
-99	
-99	
-99	
-99	
-99	
-99	
-99	
-99	
-99	
-99	
-99	
-99	
-99	
-99	
-99	
-99	
-99	
-99	
-99	
-99	
-99	
-99	
-99	
-99	
-99	
-99	
-99	
-99	
-99	
-99	
-99	
-99	
-99	
-99	
-99	
-99	
-99	
-99	
-99	
-99	
-99	
-99	
-99	
-99	
-99	
-99	
-99	
-99	
-99	
-99	
-99	
-99	
-99	
-99	
-99	
-99	
-99	
-99	
-99	
-99	
-99	
-99	
-99	
-99	
-99	
-99	
-99	
-99	
-99	
-99	
-99	
-99	
-99	
-99	
-99	
-99	
-99	
-99	
-99	
-99	
-99	
-99	
-99	
-99	
-99	
-99	
-99	
-99	
-99	
-99	
-99	
-99	
-99	
-99	
-99	
-99	
-99	
-99	
-99	
-99	
-99	
-99	
-99	
-99	
-99	
-99	
-99	
-99	
-99	
-99	
-99	
-99	
-99	
-99	
-99	
-99	
-99	
-99	
-99	
-99	
-99	
-99	
-99	
-99	
-99	
-99	
-99	
-99	
-99	
-99	
-99	
-99	
-99	
-99	
-99	
-99	
-99	
-99	
-99	
-99	
-99	
-99	
-99	
-99	
-99	
-99	
-99	
-99	
-99	
-99	
-99	
-99	
-99	
-99	
-99	
-99	
-99	
-99	
-99	
-99	
-99	
-99	
-99	
-99	
-99	
-99	
-99	
-99	
-99	
-99	
-99	
-99	
-99	
-99	
-99	
-99	
-99	
-99	
-99	
-99	
-99	
-99	
-99	
-99	
-99	
-99	
-99	
-99	
-99	
-99	
-99	
-99	
-99	
-99	
-99	
-99	
-99	
-99	
-99	
-99	
-99	
-99	
-99	
-99	
-99	
-99	
-99	
-99	
-99	
-99	
-99	
-99	
-99	
-99	
-99	
-99	
-99	
-99	
-99	
-99	
-99	
-99	
-99	
-99	
-99	
-99	
-99	
-99	
-99	
-99	
-99	
-99	
-99	
-99	
-99	
-99	
-99	
-99	
-99	
-99	
-99	
-99	
-99	
-99	
-99	
-99	
-99	
-99	
-99	
-99	
-99	
-99	
-99	
-99	
-99	
-99	
-99	
-99	
-99	
-99	
-99	
-99	
-99	
-99	
-99	
-99	
-99	
-99	
-99	
-99	
-99	
-99	
-99	
-99	
-99	
-99	
-99	
-99	
-99	
-99	
-99	
-99	
-99	
-99	
-99	
-99	
-99	
-99	
-99	
-99	
-99	
-99	
-99	
-99	
-99	
-99	
-99	
-99	
-99	
-99	
-99	
-99	
-99	
-99	
-99	
-99	
-99	
-99	
-99	
-99	
-99	
-99	
-99	
-99	
-99	
-99	
-99	
-99	
-99	
-99	
-99	
-99	
-99	
-99	
-99	
-99	
-99	
-99	
-99	
-99	
-99	
-99	
-99	
-99	
-99	
-99	
-99	
-99	
-99	
-99	
-99	
-99	
-99	
-99	
-99	
-99	
-99	
-99	
-99	
-99	
-99	
-99	
-99	
-99	
-99	
-99	
-99	
-99	
-99	
-99	
-99	
-99	
-99	
-99	
-99	
-99	
-99	
-99	
-99	
-99	
-99	
-99	
-99	
-99	
-99	
-99	
-99	
-99	
-99	
-99	
-99	
-99	
-99	
-99	
-99	
-99	
-99	
-99	
-99	
-99	
-99	
-99	
-99	
-99	
-99	
-99	
-99	
-99	
-99	
-99	
-99	
-99	
-99	
-99	
-99	
-99	
-99	
-99	
-99	
-99	
-99	
-99	
-99	
-99	
-99	
-99	
-99	
-99	
-99	
-99	
-99	
-99	
-99	
-99	
-99	
-99	
-99	
-99	
-99	
-99	
-99	
-99	
-99	
-99	
-99	
-99	
-99	
-99	
-99	
-99	
-99	
-99	
-99	
-99	
-99	
-99	
-99	
-99	
-99	
-99	
-99	
-99	
-99	
-99	
-99	
-99	
-99	
-99	
-99	
-99	
-99	
-99	
-99	
-99	
-99	
-99	
-99	
-99	
-99	
-99	
-99	
-99	
-99	
-99	
-99	
-99	
-99	
-99	
-99	
-99	
-99	
-99	
-99	
-99	
-99	
-99	
-99	
-99	
-99	
-99	
-99	
-99	
-99	
-99	
-99	
-99	
-99	
-99	
-99	
-99	
-99	
-99	
-99	
-99	
-99	
-99	
-99	
-99	
-99	
-99	
-99	
-99	
-99	
-99	
-99	
-99	
-99	
-99	
-99	
-99	
-99	
-99	
-99	
-99	
-99	
-99	
-99	
-99	
-99	
-99	
-99	
-99	
-99	
-99	
-99	
-99	
-99	
-99	
-99	
-99	
-99	
-99	
-99	
-99	
-99	
-99	
-99	
-99	
-99	
-99	
-99	
-99	
-99	
-99	
-99	
-99	
-99	
-99	
-99	
-99	
-99	
-99	
-99	
-99	
-99	
-99	
-99	
-99	
-99	
-99	
-99	
-99	
-99	
-99	
-99	
-99	
-99	
-99	
-99	
-99	
-99	
-99	
-99	
-99	
-99	
-99	
-99	
-99	
-99	
-99	
-99	
-99	
-99	
-99	
-99	
-99	
-99	
-99	
-99	
-99	
-99	
-99	
-99	
-99	
-99	
-99	
-99	
-99	
-99	
-99	
-99	
-99	
-99	
-99	
-99	
-99	
-99	
-99	
-99	
-99	
-99	
-99	
-99	
-99	
-99	
-99	
-99	
-99	
-99	
-99	
-99	
-99	
-99	
-99	
-99	
-99	
-99	
-99	
-99	
-99	
-99	
-99	
-99	
-99	
-99	
-99	
-99	
-99	
-99	
-99	
-99	
-99	
-99	
-99	
-99	
-99	
-99	
-99	
-99	
-99	
-99	
-99	
-99	
-99	
-99	
-99	
-99	
-99	
-99	
-99	
-99	
-99	
-99	
-99	
-99	
-99	
-99	
-99	
-99	
-99	
-99	
-99	
-99	
-99	
-99	
-99	
-99	
-99	
-99	
-99	
-99	
-99	
-99	
-99	
-99	
-99	
-99	
-99	
-99	
-99	
-99	
-99	
-99	
-99	
-99	
-99	
-99	
-99	
-99	
-99	
-99	
-99	
-99	
-99	
-99	
-99	
-99	
-99	
-99	
-99	
-99	
-99	
-99	
-99	
-99	
-99	
-99	
-99	
-99	
-99	
-99	
-99	
-99	
-99	
-99	
-99	
-99	
-99	
-99	
-99	
-99	
-99	
-99	
-99	
-99	
-99	
-99	
-99	
-99	
-99	
-99	
-99	
-99	
-99	
-99	
-99	
-99	
-99	
-99	
-99	
-99	
-99	
-99	
-99	
-99	
-99	
-99	
-99	
-99	
-99	
-99	
-99	
-99	
-99	
-99	
-99	
-99	
-99	
-99	
-99	
-99	
-99	
-99	
-99	
-99	
-99	
-99	
-99	
-99	
-99	
-99	
-99	
-99	
-99	
-99	
-99	
-99	
-99	
-99	
-99	
-99	
-99	
-99	
-99	
-99	
-99	
-99	
-99	
-99	
-99	
-99	
-99	
-99	
-99	
-99	
-99	
-99	
-99	
-99	
-99	
-99	
-99	
-99	
-99	
-99	
-99	
-99	
-99	
-99	
-99	
-99	
-99	
-99	
-99	
-99	
-99	
-99	
-99	
-99	
-99	
-99	
-99	
-99	
-99	
-99	
-99	
-99	
-99	
-99	
-99	
-99	
-99	
-99	
-99	
-99	
-99	
-99	
-99	
-99	
-99	
-99	
-99	
-99	
-99	
-99	
-99	
-99	
-99	
-99	
-99	
-99	
-99	
-99	
-99	
-99	
-99	
-99	
-99	
-99	
-99	
-99	
-99	
-99	
-99	
-99	
-99	
-99	
-99	
-99	
-99	
-99	
-99	
-99	
-99	
-99	
-99	
-99	
-99	
-99	
-99	
-99	
-99	
-99	
-99	
-99	
-99	
-99	
-99	
-99	
-99	
-99	
-99	
-99	
-99	
-99	
-99	
-99	
-99	
-99	
-99	
-99	
-99	
-99	
-99	
-99	
-99	
-99	
-99	
-99	
-99	
-99	
-99	
-99	
-99	
-99	
-99	
-99	
-99	
-99	
-99	
-99	
-99	
-99	
-99	
-99	
-99	
-99	
-99	
-99	
-99	
-99	
-99	
-99	
-99	
-99	
-99	
-99	
-99	
-99	
-99	
-99	
-99	
-99	
-99	
-99	
-99	
-99	
-99	
-99	
-99	
-99	
-99	
-99	
-99	
-99	
-99	
-99	
-99	
-99	
-99	
-99	
-99	
-99	
-99	
-99	
-99	
-99	
-99	
-99	
-99	
-99	
-99	
-99	
-99	
-99	
-99	
-99	
-99	
-99	
-99	
-99	
-99	
-99	
-99	
-99	
-99	
-99	
-99	
-99	
-99	
-99	
-99	
-99	
-99	
-99	
-99	
-99	
-99	
-99	
-99	
-99	
-99	
-99	
-99	
-99	
-99	
-99	
-99	
-99	
-99	
-99	
-99	
-99	
-99	
-99	
-99	
-99	
-99	
-99	
-99	
-99	
-99	
-99	
-99	
-99	
-99	
-99	
-99	
-99	
-99	
-99	
-99	
-99	
-99	
-99	
-99	
-99	
-99	
-99	
-99	
-99	
-99	
-99	
-99	
-99	
-99	
-99	
-99	
-99	
-99	
-99	
-99	
-99	
-99	
-99	
-99	
-99	
-99	
-99	
-99	
-99	
-99	
-99	
-99	
-99	
-99	
-99	
-99	
-99	
-99	
-99	
-99	
-99	
-99	
-99	
-99	
-99	
-99	
-99	
-99	
-99	
-99	
-99	
-99	
-99	
-99	
-99	
-99	
-99	
-99	
-99	
-99	
-99	
-99	
-99	
-99	
-99	
-99	
-99	
-99	
-99	
-99	
-99	
-99	
-99	
-99	
-99	
-99	
-99	
-99	
-99	
-99	
-99	
-99	
-99	
-99	
-99	
-99	
-99	
-99	
-99	
-99	
-99	
-99	
-99	
-99	
-99	
-99	
-99	
-99	
-99	
-99	
-99	
-99	
-99	
-99	
-99	
-99	
-99	
-99	
-99	
-99	
-99	
-99	
-99	
-99	
-99	
-99	
-99	
-99	
-99	
-99	
-99	
-99	
-99	
-99	
-99	
-99	
-99	
-99	
-99	
-99	
-99	
-99	
-99	
-99	
-99	
-99	
-99	
-99	
-99	
-99	
-99	
-99	
-99	
-99	
-99	
-99	
-99	
-99	
-99	
-99	
-99	
-99	
-99	
-99	
-99	
-99	
-99	
-99	
-99	
-99	
-99	
-99	
-99	
-99	
-99	
-99	
-99	
-99	
-99	
-99	
-99	
-99	
-99	
-99	
-99	
-99	
-99	
-99	
-99	
-99	
-99	
-99	
-99	
-99	
-99	
-99	
-99	
-99	
-99	
-99	
-99	
-99	
-99	
-99	
-99	
-99	
-99	
-99	
-99	
-99	
-99	
-99	
-99	
-99	
-99	
-99	
-99	
-99	
-99	
-99	
-99	
-99	
-99	
-99	
-99	
-99	
-99	
-99	
-99	
-99	
-99	
-99	
-99	
-99	
-99	
-99	
-99	
-99	
-99	
-99	
-99	
-99	
-99	
-99	
-99	
-99	
-99	
-99	
-99	
-99	
-99	
-99	
-99	
-99	
-99	
-99	
-99	
-99	
-99	
-99	
-99	
-99	
-99	
-99	
-99	
-99	
-99	
-99	
-99	
-99	
-99	
-99	
-99	
-99	
-99	
-99	
-99	
-99	
-99	
-99	
-99	
-99	
-99	
-99	
-99	
-99	
-99	
-99	
-99	
-99	
-99	
-99	
-99	
-99	
-99	
-99	
-99	
-99	
-99	
-99	
-99	
-99	
-99	
-99	
-99	
-99	
-99	
-99	
-99	
-99	
-99	
-99	
-99	
-99	
-99	
-99	
-99	
-99	
-99	
-99	
-99	
-99	
-99	
-99	
-99	
-99	
-99	
-99	
-99	
-99	
-99	
-99	
-99	
-99	
-99	
-99	
-99	
-99	
-99	
-99	
-99	
-99	
-99	
-99	
-99	
-99	
-99	
-99	
-99	
-99	
-99	
-99	
-99	
-99	
-99	
-99	
-99	
-99	
-99	
-99	
-99	
-99	
-99	
-99	
-99	
-99	
-99	
-99	
-99	
-99	
-99	
-99	
-99	
-99	
-99	
-99	
-99	
-99	
-99	
-99	
-99	
-99	
-99	
-99	
-99	
-99	
-99	
-99	
-99	
-99	
-99	
-99	
-99	
-99	
-99	
-99	
-99	
-99	
-99	
-99	
-99	
-99	
-99	
-99	
-99	
-99	
-99	
-99	
-99	
-99	
-99	
-99	
-99	
-99	
-99	
-99	
-99	
-99	
-99	
-99	
-99	
-99	
-99	
-99	
-99	
-99	
-99	
-99	
-99	
-99	
-99	
-99	
-99	
-99	
-99	
-99	
-99	
-99	
-99	
-99	
-99	
-99	
-99	
-99	
-99	
-99	
-99	
-99	
-99	
-99	
-99	
-99	
-99	
-99	
-99	
-99	
-99	
-99	
-99	
-99	
-99	
-99	
-99	
-99	
-99	
-99	
-99	
-99	
-99	
-99	
-99	
-99	
-99	
-99	
-99	
-99	
-99	
-99	
-99	
-99	
-99	
-99	
-99	
-99	
-99	
-99	
-99	
-99	
-99	
-99	
-99	
-99	
-99	
-99	
-99	
-99	
-99	
-99	
-99	
-99	
-99	
-99	
-99	
-99	
-99	
-99	
-99	
-99	
-99	
-99	
-99	
-99	
-99	
-99	
-99	
-99	
-99	
-99	
-99	
-99	
-99	
-99	
-99	
-99	
-99	
-99	
-99	
-99	
-99	
-99	
-99	
-99	
-99	
-99	
-99	
-99	
-99	
-99	
-99	
-99	
-99	
-99	
-99	
-99	
-99	
-99	
-99	
-99	
-99	
-99	
-99	
-99	
-99	
-99	
-99	
-99	
-99	
-99	
-99	
-99	
-99	
-99	
-99	
-99	
-99	
-99	
-99	
-99	
-99	
-99	
-99	
-99	
-99	
-99	
-99	
-99	
-99	
-99	
-99	
-99	
-99	
-99	
-99	
-99	
-99	
-99	
-99	
-99	
-99	
-99	
-99	
-99	
-99	
-99	
-99	
-99	
-99	
-99	
-99	
-99	
-99	
-99	
-99	
-99	
-99	
-99	
-99	
-99	
-99	
-99	
-99	
-99	
-99	
-99	
-99	
-99	
-99	
-99	
-99	
-99	
-99	
-99	
-99	
-99	
-99	
-99	
-99	
-99	
-99	
-99	
-99	
-99	
-99	
-99	
-99	
-99	
-99	
-99	
-99	
-99	
-99	
-99	
-99	
-99	
-99	
-99	
-99	
-99	
-99	
-99	
-99	
-99	
-99	
-99	
-99	
-99	
-99	
-99	
-99	
-99	
-99	
-99	
-99	
-99	
-99	
-99	
-99	
-99	
-99	
-99	
-99	
-99	
-99	
-99	
-99	
-99	
-99	
-99	
-99	
-99	
-99	
-99	
-99	
-99	
-99	
-99	
-99	
-99	
-99	
-99	
-99	
-99	
-99	
-99	
-99	
-99	
-99	
-99	
-99	
-99	
-99	
-99	
-99	
-99	
-99	
-99	
-99	
-99	
-99	
-99	
-99	
-99	
-99	
-99	
-99	
-99	
-99	
-99	
-99	
-99	
-99	
-99	
-99	
-99	
-99	
-99	
-99	
-99	
-99	
-99	
-99	
-99	
-99	
-99	
-99	
-99	
-99	
-99	
-99	
-99	
-99	
-99	
-99	
-99	
-99	
-99	
-99	
-99	
-99	
-99	
-99	
-99	
-99	
-99	
-99	
-99	
-99	
-99	
-99	
-99	
-99	
-99	
-99	
-99	
-99	
-99	
-99	
-99	
-99	
-99	
-99	
-99	
-99	
-99	
-99	
-99	
-99	
-99	
-99	
-99	
-99	
-99	
-99	
-99	
-99	
-99	
-99	
-99	
-99	
-99	
-99	
-99	
-99	
-99	
-99	
-99	
-99	
-99	
-99	
-99	
-99	
-99	
-99	
-99	
-99	
-99	
-99	
-99	
-99	
-99	
-99	
-99	
-99	
-99	
-99	
-99	
-99	
-99	
-99	
-99	
-99	
-99	
-99	
-99	
-99	
-99	
-99	
-99	
-99	
-99	
-99	
-99	
-99	
-99	
-99	
-99	
-99	
-99	
-99	
-99	
-99	
-99	
-99	
-99	
-99	
-99	
-99	
-99	
-99	
-99	
-99	
-99	
-99	
-99	
-99	
-99	
-99	
-99	
-99	
-99	
-99	
-99	
-99	
-99	
-99	
-99	
-99	
-99	
-99	
-99	
-99	
-99	
-99	
-99	
-99	
-99	
-99	
-99	
-99	
-99	
-99	
-99	
-99	
-99	
-99	
-99	
-99	
-99	
-99	
-99	
-99	
-99	
-99	
-99	
-99	
-99	
-99	
-99	
-99	
-99	
-99	
-99	
-99	
-99	
-99	
-99	
-99	
-99	
-99	
-99	
-99	
-99	
-99	
-99	
-99	
-99	
-99	
-99	
-99	
-99	
-99	
-99	
-99	
-99	
-99	
-99	
-99	
-99	
-99	
-99	
-99	
-99	
-99	
-99	
-99	
-99	
-99	
-99	
-99	
-99	
-99	
-99	
-99	
-99	
-99	
-99	
-99	
-99	
-99	
-99	
-99	
-99	
-99	
-99	
-99	
-99	
-99	
-99	
-99	
-99	
-99	
-99	
-99	
-99	
-99	
-99	
-99	
-99	
-99	
-99	
-99	
-99	
-99	
-99	
-99	
-99	
-99	
-99	
-99	
-99	
-99	
-99	
-99	
-99	
-99	
-99	
-99	
-99	
-99	
-99	
-99	
-99	
-99	
-99	
-99	
-99	
-99	
-99	
-99	
-99	
-99	
-99	
-99	
-99	
-99	
-99	
-99	
-99	
-99	
-99	
-99	
-99	
-99	
-99	
-99	
-99	
-99	
-99	
-99	
-99	
-99	
-99	
-99	
-99	
-99	
-99	
-99	
-99	
-99	
-99	
-99	
-99	
-99	
-99	
-99	
-99	
-99	
-99	
-99	
-99	
-99	
-99	
-99	
-99	
-99	
-99	
-99	
-99	
-99	
-99	
-99	
-99	
-99	
-99	
-99	
-99	
-99	
-99	
-99	
-99	
-99	
-99	
-99	
-99	
-99	
-99	
-99	
