20000101
-99.000000
-99.000000
-99.000000
-99.000000
-99.000000
-99.000000
-99.000000
-99.000000
-99.000000
-99.000000
-99.000000
-99.000000
-99.000000
-99.000000
-99.000000
-99.000000
-99.000000
-99.000000
-99.000000
-99.000000
-99.000000
-99.000000
-99.000000
-99.000000
-99.000000
-99.000000
-99.000000
-99.000000
-99.000000
-99.000000
-99.000000
-99.000000
-99.000000
-99.000000
-99.000000
-99.000000
-99.000000
-99.000000
-99.000000
-99.000000
-99.000000
-99.000000
-99.000000
-99.000000
-99.000000
-99.000000
-99.000000
-99.000000
-99.000000
-99.000000
-99.000000
-99.000000
-99.000000
-99.000000
-99.000000
-99.000000
-99.000000
-99.000000
-99.000000
-99.000000
-99.000000
-99.000000
-99.000000
-99.000000
-99.000000
-99.000000
-99.000000
-99.000000
-99.000000
-99.000000
-99.000000
-99.000000
-99.000000
1.301760
17.519040
17.470080
17.778240
17.405280
16.715520
7.339680
10.241280
7.153920
5.402880
17.040960
12.572640
14.957280
15.399360
14.135040
16.525440
3.336480
14.578560
16.261920
4.417920
18.089280
12.605760
19.411200
20.044800
17.428320
5.856480
10.706400
1.206720
10.218240
16.683840
16.804800
16.506720
18.388800
2.273760
20.705760
16.990560
16.266240
18.358560
18.970560
15.801120
21.153600
19.395360
20.576160
17.244000
8.199360
14.421600
15.435360
12.854880
14.310720
18.840960
16.289280
14.689440
11.149920
18.990720
15.010560
11.462400
9.488160
4.939200
20.270880
20.926080
22.016160
21.890880
22.888800
21.011040
9.784800
21.512160
14.159520
6.334560
2.528640
15.612480
15.914880
14.781600
15.334560
20.309760
19.332000
12.479040
21.981600
22.425120
19.932480
18.665280
20.335680
21.061440
15.948000
16.961760
23.623200
24.701760
24.091200
17.169120
8.807040
6.125760
19.660320
12.535200
17.591040
21.196800
23.414400
23.090400
23.679360
23.117760
18.708480
7.564320
15.975360
11.106720
13.063680
19.923840
5.598720
21.104640
20.914560
15.150240
18.257760
19.581120
16.401600
20.797920
23.682240
18.601920
19.094400
21.155040
22.606560
23.467680
11.982240
23.718240
24.216480
23.261760
21.777120
22.966560
8.124480
10.827360
16.076160
18.423360
14.235840
21.487680
20.089440
4.881600
20.026080
18.905760
20.482560
21.340800
19.166400
21.640320
12.647520
10.280160
15.624000
14.283360
7.793280
21.853440
17.449920
17.471520
20.924640
20.234880
19.311840
19.117440
10.334880
13.969440
18.568800
19.042560
19.429920
19.189440
18.182880
18.116640
18.326880
16.380000
16.489440
19.270080
10.975680
11.026080
16.521120
17.627040
18.604800
11.007360
15.507360
7.416000
18.884160
17.758080
17.521920
18.171360
15.187680
18.205920
18.250560
17.055360
14.588640
14.901120
17.225280
15.602400
14.258880
9.888480
15.043680
12.755520
14.016960
3.918240
13.233600
8.202240
15.986880
16.719840
16.336800
14.947200
10.627200
6.104160
8.163360
5.551920
6.345360
-99.000000
-99.000000
7.023600
13.282560
13.776480
14.358240
10.298880
13.714560
14.306400
13.924800
13.855680
11.593440
5.289120
2.728800
3.072960
13.582080
9.786240
4.368960
11.658240
11.502720
9.397440
6.693120
3.663360
2.073600
1.395360
3.238560
2.155680
9.290880
10.764000
10.172160
7.781760
6.553440
8.867520
10.817280
2.437920
10.437120
10.831680
4.903200
9.501120
7.080480
9.586080
9.977760
9.760320
2.630880
7.392960
1.848960
9.198720
3.559680
9.118080
8.236800
5.988960
6.396480
2.538720
7.860960
7.241760
3.856320
7.197120
7.198560
8.094240
7.228800
6.236640
1.988640
7.705440
3.729600
5.888160
7.855200
6.107040
3.795840
4.404960
1.272960
5.546880
7.200000
5.181120
5.048640
5.797440
6.986880
5.675040
6.325920
7.549920
7.475040
7.126560
5.811840
4.190400
1.959840
1.723680
4.366080
1.527840
7.103520
6.747840
3.460320
2.642400
7.322400
3.104640
7.295040
5.411520
5.857920
7.227360
7.166880
2.269440
3.546720
7.361280
7.935840
4.187520
6.986880
3.952800
6.480000
5.819040
2.286720
1.949760
6.197760
7.215840
2.508480
8.112960
8.187840
8.205120
4.752000
7.128000
4.844160
8.274240
7.644960
6.500160
7.571520
8.161920
9.159840
9.479520
9.980640
10.013760
9.881280
9.689760
9.754560
4.999680
4.759200
9.934560
10.860480
10.261440
10.294560
10.552320
9.410400
4.379040
3.791520
10.622880
11.433600
10.085760
11.741760
12.381120
11.953440
12.486240
12.517920
5.120640
12.903840
13.478400
8.966880
13.226400
9.070560
4.455360
9.708480
6.266880
11.161440
8.563680
7.453440
14.025600
12.227040
11.940480
13.694400
10.906560
13.102560
15.991200
14.608800
6.966720
13.993920
15.026400
15.518880
14.006880
14.041440
14.150880
14.800320
11.885760
16.699680
16.643520
14.909760
17.076960
15.379200
18.469440
18.132480
18.486720
18.529920
8.815680
18.440640
9.577440
16.277760
17.952480
20.219040
19.938240
17.687520
20.939040
20.733120
18.479520
20.875680
20.790720
18.852480
9.930240
5.529600
19.238400
20.046240
22.099680
16.336800
19.808640
20.596320
22.072320
21.139200
10.116000
21.794400
4.181760
7.092000
12.749760
20.966400
10.712160
20.772000
22.056480
21.925440
21.506400
22.512960
10.085760
1.650240
18.730080
21.322080
19.069920
14.184000
21.977280
22.366080
12.323520
15.783840
21.417120
15.442560
18.809280
21.604320
14.120640
17.012160
20.803680
23.171040
22.436640
22.752000
22.936320
23.392800
22.285440
18.889920
22.543200
22.497120
17.742240
13.279680
23.221440
22.687200
18.456480
14.807520
13.364640
21.405600
20.495520
22.260960
21.034080
16.935840
24.920640
24.058080
25.035840
24.635520
22.703040
23.876640
23.611680
22.574880
21.327840
22.952160
22.878720
18.574560
24.583680
23.117760
23.346720
22.887360
21.765600
19.797120
10.179360
18.656640
9.152640
24.194880
17.953920
6.727680
22.993920
19.954080
21.309120
17.529120
13.890240
19.284480
4.638240
23.385600
19.985760
12.880800
24.259680
23.224320
22.232160
19.713600
19.949760
21.417120
20.066400
18.164160
20.701440
21.051360
19.392480
19.200960
18.613440
19.225440
19.005120
17.406720
20.868480
21.016800
18.436320
16.574400
16.712640
14.604480
19.202400
6.331680
18.872640
17.213760
10.596960
8.912160
18.938880
10.938240
8.820000
14.909760
17.784000
13.993920
14.852160
17.642880
17.375040
15.010560
17.943840
17.930880
17.040960
14.919840
17.085600
16.917120
14.076000
6.753600
14.150880
18.669600
16.312320
16.938720
17.903520
17.916480
13.658400
10.012320
11.776320
16.632000
15.484320
16.875360
16.945920
16.403040
16.562880
7.264800
5.487840
8.159040
0.970560
13.229280
9.139680
14.120640
14.952960
11.026080
3.617280
9.763200
12.579840
13.989600
9.234720
10.919520
4.089600
7.074720
9.943200
12.971520
10.424160
8.258400
2.910240
8.055360
10.759680
3.869280
11.744640
6.942240
12.068640
2.731680
12.081600
4.250880
6.498720
8.640000
5.533920
11.782080
11.633760
10.828800
7.983360
6.778080
6.877440
9.725760
9.701280
4.976640
9.328320
1.923840
9.737280
9.629280
3.189600
7.967520
9.673920
8.634240
8.058240
9.076320
1.936800
8.317440
9.106560
2.679840
1.585440
1.391040
4.482720
3.015360
7.644960
8.503200
8.046720
8.507520
7.686720
8.118720
7.469280
6.251040
6.239520
8.062560
7.731360
6.488640
7.505280
3.132000
6.436800
6.448320
7.267680
7.390080
6.655680
1.828800
7.053120
5.253120
7.259040
7.352640
7.276320
0.964800
0.920160
6.498720
6.009120
1.707840
6.523200
6.900480
7.084800
7.243200
1.946880
7.439040
7.296480
6.048000
4.436640
7.948080
7.830000
1.559520
0.622080
1.221120
0.763200
1.307520
0.872640
1.877760
4.667040
7.980480
3.304800
6.884640
1.860480
8.147520
0.010080
2.502720
8.039520
5.207040
8.778240
8.821440
5.097600
6.353280
8.845920
8.496000
9.038880
3.715200
9.468000
9.191520
9.348480
8.709120
9.354240
9.452160
6.910560
8.148960
9.936000
7.297920
4.749120
10.167840
8.424000
11.067840
11.668320
11.142720
10.810080
10.987200
10.761120
11.224800
10.090080
7.172640
11.498400
3.487680
10.118880
12.625920
12.954240
8.629920
13.412160
13.278240
12.487680
13.216320
13.383360
10.800000
13.800960
5.834880
3.644640
3.709440
8.195040
7.117920
2.759040
5.077440
6.707520
15.544800
13.878720
15.088320
4.841280
3.692160
11.456640
11.351520
16.407360
6.206400
8.150400
13.636800
15.073920
16.418880
16.941600
16.584480
14.617440
6.161760
6.639840
10.637280
5.294880
9.351360
3.036960
17.932320
15.243840
18.728640
3.905280
4.953600
11.207520
20.481120
9.110880
11.017440
8.000640
13.492800
8.542080
8.706240
2.543040
18.872640
15.880320
12.471840
17.501760
21.166560
18.120960
15.180480
19.468800
20.262240
22.030560
18.966240
21.208320
21.546720
20.141280
14.516640
5.506560
18.535680
15.759360
2.412000
1.726560
11.039040
24.400800
12.528000
8.478720
2.063520
2.520000
12.903840
12.993120
11.950560
23.836320
23.443200
6.747840
18.954720
22.063680
11.832480
-99.000000
23.741280
21.252960
21.911040
6.546240
23.218560
22.972320
22.809600
17.095680
24.566400
24.199200
20.757600
22.114080
23.065920
20.432160
22.465440
16.580160
8.127360
11.564640
23.791680
23.450400
11.309760
25.407360
24.150240
24.235200
22.089600
23.849280
23.441760
22.034880
22.497120
22.605120
17.612640
22.955040
12.356640
23.313600
24.065280
23.709600
23.044320
23.378400
20.401920
20.544480
23.784480
4.089600
5.987520
17.271360
20.917440
18.584640
17.676000
15.014880
17.951040
14.659200
13.681440
17.808480
13.354560
18.180000
17.789760
17.363520
24.183360
20.620800
22.665600
23.335200
23.124960
20.381760
22.059360
21.303360
20.882880
21.103200
22.711680
22.818240
22.799520
18.066240
19.460160
19.308960
18.633600
17.527680
11.118240
6.602400
15.780960
17.844480
11.619360
22.294080
20.098080
12.656160
17.730720
15.886080
22.947840
18.208800
22.389120
15.209280
17.678880
19.016640
20.430720
15.824160
17.206560
19.222560
16.532640
5.896800
15.053760
3.985920
18.414720
17.379360
9.990720
19.893600
20.062080
19.370880
15.662880
18.828000
5.886720
11.669760
10.380960
17.762400
18.313920
14.546880
14.555520
18.080640
9.904320
12.477600
11.452320
7.751520
17.006400
12.024000
5.231520
7.894080
7.941600
13.564800
7.872480
10.051200
15.154560
15.143040
16.490880
16.655040
16.264800
9.815040
10.836000
2.338560
10.241280
6.924960
2.448000
6.851520
9.959040
13.691520
13.973760
14.077440
7.286400
3.376800
11.432160
13.240800
11.089440
12.150720
11.540160
11.831040
10.694880
9.027360
8.851680
6.801120
8.671680
5.117760
-99.000000
7.381440
6.968160
9.544320
10.342080
10.395360
4.620960
9.640800
5.608800
9.499680
9.564480
7.984800
7.427520
8.104320
7.839360
7.964640
7.462080
9.295200
8.151840
9.420480
7.678080
6.503040
9.236160
3.636000
2.515680
8.723520
8.359200
8.333280
8.053920
1.068480
6.760800
8.350560
2.831040
1.396800
3.339360
8.029440
7.636320
5.029920
5.191200
6.932160
2.067840
5.594400
6.557760
7.169760
5.793120
6.033600
7.329600
5.700960
3.551040
4.327200
6.536160
6.220800
5.942880
1.346400
7.316640
6.289920
2.566080
2.600640
0.973440
3.648960
5.878080
5.695200
5.594400
5.225760
6.528960
5.931360
1.123200
7.552800
5.477760
1.285920
6.563520
5.009760
5.051520
5.483520
2.823840
4.037760
2.858400
2.288160
3.134880
6.094080
6.320160
7.845120
7.679520
7.764480
7.885440
6.664320
7.751520
6.203520
6.170400
2.564640
6.122880
8.052480
7.404480
8.746560
8.886240
9.119520
3.595680
8.647200
8.159040
9.514080
8.320320
9.110880
9.774720
8.542080
7.119360
8.367840
9.230400
10.321920
4.943520
8.310240
9.986400
8.576640
9.604800
2.859840
2.756160
3.484800
3.676320
11.429280
11.725920
7.990560
0.868320
1.668960
6.698880
2.760480
2.376000
5.677920
0.551520
1.647360
3.745440
11.911680
10.559520
10.406880
10.404000
13.741920
4.006080
10.859040
13.184640
12.600000
14.683680
14.391360
15.037920
15.023520
14.037120
11.512800
5.978880
14.446080
16.578720
16.980480
16.028640
16.499520
16.511040
5.980320
15.465600
15.616800
15.341760
9.768960
6.878880
6.029280
7.047360
4.115520
13.219200
16.233120
11.682720
19.162080
19.805760
19.969920
20.014560
12.686400
6.668640
4.093920
18.980640
13.461120
15.206400
19.419840
1.431360
6.186240
13.410720
18.417600
18.758880
7.767360
14.060160
20.698560
17.292960
20.841120
16.204320
19.595520
10.658880
20.530080
20.567520
16.728480
12.857760
18.832320
21.149280
21.967200
19.379520
8.776800
1.738080
4.376160
12.201120
21.669120
23.094720
17.785440
21.883680
22.000320
19.437120
10.352160
7.737120
14.434560
19.643040
20.198880
24.068160
23.677920
22.455360
23.178240
11.033280
14.266080
18.384480
23.299200
22.043520
23.875200
23.984640
23.139360
21.353760
20.060640
17.392320
13.733280
13.826880
20.747520
23.241600
18.077760
22.233600
22.638240
22.957920
23.568480
19.133280
21.443040
20.499840
21.414240
19.238400
22.788000
24.180480
23.836320
24.402240
23.965920
21.545280
17.244000
18.745920
17.532000
18.695520
9.483840
10.725120
23.837760
24.816960
21.136320
14.447520
18.694080
3.492000
10.176480
21.556800
21.764160
17.347680
23.094720
21.898080
21.960000
22.603680
17.020800
16.954560
23.556960
12.800160
11.763360
21.081600
11.259360
20.432160
19.346400
12.320640
19.998720
8.851680
15.337440
18.478080
16.250400
22.554720
20.806560
22.330080
19.180800
21.781440
21.336480
21.353760
21.417120
21.218400
20.485440
19.759680
14.224320
-99.000000
14.703840
21.152160
21.214080
18.989280
17.529120
10.513440
12.091680
15.026400
20.478240
17.117280
8.128800
14.970240
16.665120
14.857920
19.370880
15.451200
16.632000
11.443680
18.817920
17.408160
11.639520
11.594880
8.084160
9.047520
5.987520
15.400800
13.989600
7.308000
14.437440
14.457600
18.796320
18.204480
17.219520
16.496640
15.910560
15.835680
16.770240
16.721280
15.203520
10.913760
15.353280
4.694400
7.947360
12.607200
14.618880
6.344640
7.493760
5.323680
14.545440
8.776800
2.599200
12.768480
11.917440
14.028480
12.826080
9.629280
10.013760
14.240160
13.351680
13.599360
13.276800
6.685920
5.522400
5.097600
6.815520
2.826720
3.814560
2.535840
3.312000
1.910880
10.296000
6.842880
6.451200
12.244320
11.550240
3.042720
1.719360
3.415680
4.253760
7.571520
5.987520
1.821600
10.247040
10.118880
9.875520
9.609120
9.113760
5.461920
9.400320
6.066720
2.158560
1.255680
4.836960
4.332960
7.999200
5.313600
1.130400
1.333440
3.042720
8.009280
6.230880
2.453760
7.259040
2.138400
1.654560
7.439040
0.836640
6.451200
7.680960
4.659840
7.456320
5.368320
2.056320
7.319520
5.492160
3.587040
5.361120
5.526720
5.618880
4.940640
5.209920
5.520960
6.609600
6.897600
6.693120
1.183680
7.169760
6.901920
2.491200
2.376000
4.186080
4.710240
1.435680
5.375520
6.035040
6.611040
6.801120
6.701760
6.200640
2.736000
4.345920
5.474880
7.067520
3.545280
7.175520
7.464960
7.035840
7.319520
7.166880
2.704320
-99.000000
2.823840
6.310080
5.918400
4.613760
4.350240
5.911200
7.639200
7.945920
-99.000000
6.297120
4.633920
5.194080
8.078400
8.455680
7.369920
3.888000
7.799040
7.567200
8.415360
8.618400
9.252000
3.824640
7.155360
8.388000
6.870240
9.115200
7.322400
8.184960
8.272800
8.434080
7.862400
10.441440
10.457280
10.897920
10.889280
9.698400
8.228160
10.444320
3.170880
8.799840
7.087680
11.808000
1.605600
2.579040
10.510560
11.170080
1.748160
1.958400
1.468800
9.169920
13.294080
10.200960
14.240160
13.760640
13.163040
12.163680
3.869280
12.888000
15.171840
14.289120
14.817600
3.430080
14.977440
4.155840
6.409440
7.333920
9.586080
12.375360
12.820320
4.262400
10.766880
14.745600
12.951360
15.289920
16.433280
9.247680
17.583840
13.498560
2.829600
8.585280
1.005120
4.723200
8.297280
11.564640
8.699040
18.597600
17.949600
-99.000000
19.789920
17.076960
1.945440
17.095680
15.186240
17.215200
13.030560
20.465280
10.749600
12.817440
2.207520
16.404480
10.980000
20.685600
20.698560
20.763360
1.560960
22.328640
21.808800
22.029120
20.964960
19.902240
10.278720
13.933440
13.646880
10.360800
11.409120
1.706400
16.979040
17.936640
21.983040
22.798080
23.397120
19.951200
4.808160
3.533760
8.853120
23.130720
17.998560
22.923360
22.749120
22.302720
22.953600
23.060160
23.650560
22.629600
11.599200
14.495040
19.608480
19.995840
9.889920
17.471520
21.551040
16.668000
17.042400
19.909440
20.921760
23.993280
24.068160
16.007040
23.849280
23.565600
19.450080
22.530240
22.548960
21.538080
21.843360
20.162880
13.101120
14.400000
9.862560
19.545120
24.600960
24.687360
7.284960
18.790560
16.284960
15.288480
23.009760
15.192000
20.443680
22.007520
23.754240
20.901600
23.188320
22.834080
18.973440
22.180320
6.490080
18.688320
15.354720
11.100960
23.294880
24.456960
24.243840
11.357280
12.447360
20.337120
24.480000
17.663040
22.763520
19.919520
17.732160
20.939040
19.340640
10.334880
12.218400
18.974880
15.507360
18.469440
21.165120
20.711520
21.723840
16.544160
12.003840
18.312480
21.299040
19.249920
12.072960
17.494560
15.520320
21.310560
14.463360
17.835840
19.088640
10.620000
18.341280
21.601440
21.011040
17.213760
18.152640
16.439040
12.700800
11.056320
20.652480
18.931680
20.766240
20.652480
12.693600
8.717760
13.599360
15.818400
19.800000
17.491680
8.979840
6.721920
9.583200
6.544800
5.199840
10.103040
10.723680
14.169600
11.223360
12.369600
6.775200
11.412000
11.890080
11.083680
7.439040
8.153280
6.323040
7.685280
13.495680
16.895520
16.328160
12.631680
14.492160
11.705760
14.109120
15.886080
15.265440
13.188960
14.829120
14.873760
14.574240
13.044960
9.211680
12.731040
11.338560
8.375040
12.399840
12.856320
9.092160
9.275040
4.760640
7.004160
9.874080
12.371040
11.808000
8.593920
12.847680
7.839360
6.757920
12.352320
12.768480
6.576480
7.678080
9.741600
7.374240
7.236000
12.123360
9.426240
5.777280
11.626560
2.280960
9.571680
10.553760
9.997920
10.416960
7.994880
10.055520
6.300000
8.049600
3.507840
7.642080
7.660800
7.099200
8.092800
7.585920
7.200000
3.843360
8.665920
9.201600
2.358720
8.838720
8.413920
8.197920
7.649280
7.714080
6.621120
5.886720
7.503840
7.764480
6.979680
5.346720
7.359840
6.148800
5.973120
7.400160
2.364480
6.717600
5.929920
1.936800
3.227040
6.514560
1.046880
4.612320
0.470880
5.588640
7.168320
1.929600
4.875840
3.280320
5.918400
6.108480
6.181920
6.936480
6.609600
6.796800
5.184000
6.763680
6.948000
6.936480
3.392640
5.739840
7.056000
2.957760
6.886080
6.900480
6.773760
6.924960
6.907680
7.093440
7.110720
6.734880
7.246080
7.002720
6.912000
7.319520
2.548800
7.656480
7.296480
7.364160
7.704000
5.205600
2.720160
7.411680
7.053120
7.061760
8.069760
8.072640
8.028000
8.049600
6.089760
8.968320
8.997120
8.933760
5.883840
9.142560
9.531360
9.298080
9.296640
9.371520
9.764640
8.555040
7.185600
4.368960
5.191200
5.980320
5.955840
10.316160
10.068480
9.120960
10.778400
10.133280
11.712960
11.934720
11.910240
11.783520
11.651040
10.065600
12.680640
3.787200
9.568800
6.919200
4.557600
12.149280
13.314240
7.892640
7.492320
6.333120
12.559680
13.969440
12.091680
13.864320
14.987520
14.997600
15.046560
14.891040
8.092800
13.410720
11.564640
3.935520
1.851840
10.172160
14.261760
15.914880
15.474240
14.538240
2.116800
6.279840
3.532320
15.927840
2.050560
8.491680
15.465600
14.006880
15.877440
16.369920
18.208800
14.038560
2.518560
10.372320
9.204480
5.093280
11.381760
11.436480
3.925440
15.890400
19.159200
18.610560
18.338400
19.440000
13.386240
14.155200
20.116800
17.485920
17.641440
19.154880
12.048480
6.616800
7.125120
10.663200
8.877600
22.285440
21.607200
21.517920
22.063680
20.494080
20.787840
18.542880
7.908480
19.925280
14.456160
21.064320
23.235840
21.733920
19.969920
15.469920
13.910400
17.494560
17.958240
9.344160
23.771520
21.375360
15.037920
10.906560
24.226560
23.705280
22.730400
17.110080
17.494560
23.761440
18.714240
24.295680
24.232320
23.270400
22.282560
19.958400
9.135360
13.780800
14.875200
22.514400
21.146400
20.489760
21.130560
24.264000
22.828320
11.931840
16.629120
11.515680
16.525440
9.498240
8.408160
21.412800
21.140640
21.765600
23.031360
23.582880
22.934880
21.510720
20.953440
20.364480
20.820960
10.368000
23.097600
22.111200
16.106400
8.694720
23.116320
16.989120
21.696480
21.428640
18.227520
14.071680
23.929920
22.824000
17.488800
14.436000
9.226080
21.168000
23.460480
16.859520
22.906080
22.638240
21.438720
21.922560
15.549120
22.073760
22.746240
19.932480
20.417760
19.988640
20.314080
17.640000
7.837920
18.037440
12.936960
18.318240
18.626400
17.161920
7.506720
3.800160
20.227680
23.055840
22.533120
22.497120
21.924000
21.533760
4.955040
5.834880
8.311680
13.822560
21.144960
20.810880
20.309760
18.306720
9.498240
11.054880
9.031680
10.640160
17.647200
21.352320
20.831040
20.387520
20.204640
13.668480
11.599200
6.821280
9.148320
14.601600
17.424000
5.986080
10.751040
17.596800
17.781120
16.071840
9.021600
11.583360
1.080000
12.061440
17.458560
17.180640
15.955200
16.763040
16.122240
15.734880
16.646400
15.505920
9.129600
16.973280
16.855200
16.634880
15.942240
14.083200
7.860960
10.791360
8.497440
10.899360
13.186080
12.247200
11.829600
13.636800
13.209120
13.353120
12.705120
14.031360
12.870720
2.239200
8.199360
8.380800
9.601920
4.726080
4.561920
3.332160
2.710080
3.041280
5.273280
10.362240
9.313920
2.897280
10.412640
10.514880
10.778400
10.922400
5.355360
10.641600
8.867520
4.583520
5.787360
2.901600
6.629760
5.453280
3.143520
6.871680
7.833600
7.456320
4.484160
8.601120
8.857440
8.379360
4.495680
1.719360
1.575360
1.039680
3.070080
2.412000
3.792960
4.541760
7.084800
7.500960
7.737120
2.014560
0.986400
2.904480
3.204000
3.661920
9.555840
3.790080
8.974080
5.235840
9.053280
8.344800
9.128160
7.715520
3.932640
8.416800
5.307840
7.755840
8.570880
8.771040
5.467680
8.704800
8.681760
8.435520
4.309920
4.845600
8.085600
8.209440
8.144640
7.696800
5.819040
7.047360
7.539840
7.747200
7.763040
7.685280
4.171680
7.796160
7.233120
4.291200
7.649280
7.541280
6.901920
4.026240
7.398720
7.882560
8.053920
7.764480
4.461120
3.159360
2.736000
3.627360
5.004000
3.490560
8.475840
8.233920
3.898080
7.843680
3.421440
3.805920
5.384160
7.123680
6.696000
6.416640
4.864320
6.415200
7.460640
4.016160
2.910240
6.665760
1.503360
2.311200
7.280640
1.162080
2.360160
7.922880
7.924320
5.675040
7.424640
8.327520
8.442720
8.527680
8.576640
8.871840
8.645760
4.144320
6.645600
8.183520
8.434080
7.865280
4.518720
9.852480
8.992800
6.665760
8.768160
8.527680
6.732000
7.453440
6.262560
10.671840
1.056960
11.262240
11.728800
11.795040
7.388640
11.429280
2.442240
5.833440
12.189600
11.253600
9.452160
6.164640
9.486720
12.638880
12.725280
1.297440
7.204320
8.448480
3.843360
1.476000
1.703520
2.502720
5.675040
12.060000
11.910240
10.506240
13.489920
13.498560
12.382560
9.967680
14.905440
10.837440
12.667680
13.168800
11.178720
15.588000
11.184480
7.224480
15.278400
2.089440
2.056320
8.962560
10.349280
12.602880
17.602560
17.163360
17.003520
11.419200
9.836640
11.946240
4.815360
17.827200
14.821920
11.315520
4.875840
15.949440
9.231840
14.905440
16.781760
14.883840
11.727360
17.760960
18.264960
18.341280
12.042720
14.919840
8.722080
7.931520
13.210560
17.720640
7.767360
16.267680
15.917760
5.552640
15.740640
15.340320
14.976000
17.876160
13.129920
15.003360
16.313760
11.224800
15.160320
14.024160
13.769280
17.025120
16.464960
21.319200
16.489440
20.593440
21.028320
19.756800
18.502560
19.589760
13.122720
21.607200
20.060640
26.776800
24.291360
22.068000
21.237120
20.360160
21.085920
11.920320
10.900800
25.135200
23.749920
20.648160
19.111680
15.937920
13.140000
16.261920
15.567840
15.477120
12.250080
18.817920
18.226080
22.484160
23.744160
17.527680
16.859520
14.516640
12.794400
17.480160
18.695520
20.625120
18.895680
16.102080
17.523360
9.810720
18.430560
21.882240
19.303200
20.767680
22.142880
15.628320
13.400640
14.338080
17.075520
14.888160
19.608480
23.893920
21.094560
21.638880
22.504320
22.167360
21.376800
20.342880
14.796000
19.062720
22.347360
11.522880
22.055040
23.171040
20.711520
21.549600
20.112480
21.470400
22.072320
19.009440
18.393120
16.215840
18.480960
17.876160
17.562240
17.464320
17.347680
16.554240
17.318880
7.431840
2.700000
9.990720
7.941600
15.667200
16.925760
14.280480
16.585920
15.629760
16.536960
9.995040
17.605440
13.046400
17.588160
15.297120
15.386400
4.832640
10.872000
5.368320
4.108320
14.605920
14.474880
13.701600
12.512160
8.670240
13.232160
10.520640
11.901600
10.048320
9.639360
8.398080
3.415680
12.670560
6.419520
12.895200
12.493440
12.833280
11.011680
5.925600
3.795840
0.885600
9.763200
12.643200
12.697920
12.464640
7.633440
10.473120
9.367200
11.507040
7.076160
9.190080
9.760320
11.200320
10.958400
10.686240
3.205440
3.997440
3.078720
6.001920
5.726880
4.884480
9.560160
4.606560
0.855360
4.780800
0.934560
7.356960
5.725440
9.535680
7.214400
2.031840
8.418240
5.644800
4.186080
6.253920
8.209440
7.050240
8.161920
7.237440
6.066720
3.679200
2.517120
1.101600
5.315040
7.895520
1.545120
3.574080
7.155360
7.076160
6.864480
6.020640
7.511040
7.113600
3.212640
1.290240
3.430080
6.654240
6.579360
5.794560
4.037760
4.370400
6.167520
4.769280
1.689120
3.529440
6.050880
2.184480
4.099680
6.111360
5.739840
1.827360
5.677920
5.855040
5.148000
0.715680
4.248000
3.028320
5.977440
5.716800
5.963040
5.821920
4.284000
5.749920
3.528000
5.289120
3.571200
3.476160
5.957280
2.124000
5.819040
4.233600
2.816640
2.393280
-99.000000
-99.000000
-99.000000
-99.000000
-99.000000
-99.000000
-99.000000
-99.000000
-99.000000
-99.000000
-99.000000
-99.000000
-99.000000
-99.000000
-99.000000
-99.000000
-99.000000
-99.000000
-99.000000
-99.000000
-99.000000
-99.000000
-99.000000
-99.000000
-99.000000
-99.000000
-99.000000
-99.000000
-99.000000
-99.000000
-99.000000
-99.000000
-99.000000
-99.000000
-99.000000
-99.000000
-99.000000
-99.000000
-99.000000
-99.000000
-99.000000
-99.000000
-99.000000
-99.000000
-99.000000
-99.000000
-99.000000
-99.000000
-99.000000
-99.000000
-99.000000
-99.000000
-99.000000
-99.000000
-99.000000
-99.000000
-99.000000
-99.000000
-99.000000
-99.000000
-99.000000
-99.000000
-99.000000
-99.000000
-99.000000
-99.000000
-99.000000
-99.000000
-99.000000
-99.000000
-99.000000
-99.000000
-99.000000
-99.000000
-99.000000
-99.000000
-99.000000
-99.000000
-99.000000
-99.000000
-99.000000
-99.000000
-99.000000
-99.000000
-99.000000
-99.000000
-99.000000
-99.000000
-99.000000
-99.000000
-99.000000
-99.000000
-99.000000
-99.000000
-99.000000
-99.000000
-99.000000
-99.000000
-99.000000
-99.000000
-99.000000
-99.000000
-99.000000
-99.000000
-99.000000
-99.000000
-99.000000
-99.000000
-99.000000
-99.000000
-99.000000
-99.000000
-99.000000
-99.000000
-99.000000
-99.000000
-99.000000
-99.000000
-99.000000
-99.000000
-99.000000
-99.000000
-99.000000
-99.000000
-99.000000
-99.000000
-99.000000
-99.000000
-99.000000
-99.000000
-99.000000
-99.000000
-99.000000
-99.000000
-99.000000
-99.000000
-99.000000
-99.000000
-99.000000
-99.000000
-99.000000
-99.000000
-99.000000
-99.000000
-99.000000
-99.000000
-99.000000
-99.000000
-99.000000
-99.000000
-99.000000
-99.000000
-99.000000
-99.000000
-99.000000
-99.000000
-99.000000
-99.000000
-99.000000
-99.000000
-99.000000
-99.000000
-99.000000
-99.000000
-99.000000
-99.000000
-99.000000
-99.000000
-99.000000
-99.000000
-99.000000
-99.000000
-99.000000
-99.000000
-99.000000
-99.000000
-99.000000
-99.000000
-99.000000
-99.000000
-99.000000
-99.000000
-99.000000
-99.000000
-99.000000
-99.000000
-99.000000
-99.000000
-99.000000
-99.000000
-99.000000
-99.000000
-99.000000
-99.000000
-99.000000
-99.000000
-99.000000
-99.000000
-99.000000
-99.000000
-99.000000
-99.000000
-99.000000
-99.000000
-99.000000
-99.000000
-99.000000
-99.000000
-99.000000
-99.000000
-99.000000
-99.000000
-99.000000
-99.000000
-99.000000
-99.000000
-99.000000
-99.000000
-99.000000
-99.000000
-99.000000
-99.000000
-99.000000
-99.000000
-99.000000
-99.000000
-99.000000
-99.000000
-99.000000
-99.000000
-99.000000
-99.000000
-99.000000
-99.000000
-99.000000
-99.000000
-99.000000
-99.000000
-99.000000
-99.000000
-99.000000
-99.000000
-99.000000
-99.000000
-99.000000
-99.000000
-99.000000
-99.000000
-99.000000
-99.000000
-99.000000
-99.000000
-99.000000
-99.000000
-99.000000
-99.000000
-99.000000
-99.000000
-99.000000
-99.000000
-99.000000
-99.000000
-99.000000
-99.000000
-99.000000
-99.000000
-99.000000
-99.000000
-99.000000
-99.000000
-99.000000
-99.000000
-99.000000
-99.000000
-99.000000
-99.000000
-99.000000
-99.000000
-99.000000
-99.000000
-99.000000
-99.000000
-99.000000
-99.000000
-99.000000
-99.000000
-99.000000
-99.000000
-99.000000
-99.000000
-99.000000
-99.000000
-99.000000
-99.000000
-99.000000
-99.000000
-99.000000
-99.000000
-99.000000
-99.000000
-99.000000
-99.000000
-99.000000
-99.000000
-99.000000
-99.000000
-99.000000
-99.000000
-99.000000
-99.000000
-99.000000
-99.000000
-99.000000
-99.000000
-99.000000
-99.000000
-99.000000
-99.000000
-99.000000
-99.000000
-99.000000
-99.000000
-99.000000
-99.000000
-99.000000
-99.000000
-99.000000
-99.000000
-99.000000
-99.000000
-99.000000
-99.000000
-99.000000
-99.000000
-99.000000
-99.000000
-99.000000
-99.000000
-99.000000
-99.000000
-99.000000
-99.000000
-99.000000
-99.000000
-99.000000
-99.000000
-99.000000
-99.000000
-99.000000
-99.000000
-99.000000
-99.000000
-99.000000
-99.000000
-99.000000
-99.000000
-99.000000
-99.000000
-99.000000
-99.000000
-99.000000
-99.000000
-99.000000
-99.000000
-99.000000
-99.000000
-99.000000
-99.000000
-99.000000
-99.000000
-99.000000
-99.000000
-99.000000
-99.000000
-99.000000
-99.000000
-99.000000
-99.000000
-99.000000
-99.000000
-99.000000
-99.000000
-99.000000
-99.000000
-99.000000
-99.000000
-99.000000
-99.000000
-99.000000
-99.000000
-99.000000
-99.000000
-99.000000
-99.000000
-99.000000
-99.000000
-99.000000
-99.000000
-99.000000
-99.000000
-99.000000
-99.000000
-99.000000
-99.000000
-99.000000
-99.000000
-99.000000
-99.000000
-99.000000
-99.000000
-99.000000
-99.000000
-99.000000
-99.000000
-99.000000
-99.000000
-99.000000
-99.000000
-99.000000
-99.000000
-99.000000
-99.000000
-99.000000
-99.000000
-99.000000
-99.000000
-99.000000
-99.000000
-99.000000
-99.000000
-99.000000
-99.000000
-99.000000
-99.000000
-99.000000
-99.000000
-99.000000
-99.000000
-99.000000
-99.000000
-99.000000
-99.000000
-99.000000
-99.000000
-99.000000
-99.000000
-99.000000
-99.000000
-99.000000
-99.000000
-99.000000
-99.000000
-99.000000
-99.000000
-99.000000
-99.000000
-99.000000
-99.000000
-99.000000
-99.000000
-99.000000
-99.000000
-99.000000
-99.000000
-99.000000
-99.000000
-99.000000
-99.000000
-99.000000
-99.000000
-99.000000
-99.000000
-99.000000
-99.000000
-99.000000
-99.000000
-99.000000
-99.000000
-99.000000
-99.000000
-99.000000
-99.000000
-99.000000
-99.000000
-99.000000
-99.000000
-99.000000
-99.000000
-99.000000
-99.000000
-99.000000
-99.000000
-99.000000
-99.000000
-99.000000
-99.000000
-99.000000
-99.000000
-99.000000
-99.000000
-99.000000
-99.000000
-99.000000
-99.000000
-99.000000
-99.000000
-99.000000
-99.000000
-99.000000
-99.000000
-99.000000
-99.000000
-99.000000
-99.000000
-99.000000
-99.000000
-99.000000
-99.000000
-99.000000
-99.000000
-99.000000
-99.000000
-99.000000
-99.000000
-99.000000
-99.000000
-99.000000
-99.000000
-99.000000
-99.000000
-99.000000
-99.000000
-99.000000
-99.000000
-99.000000
-99.000000
-99.000000
-99.000000
-99.000000
-99.000000
-99.000000
-99.000000
-99.000000
-99.000000
-99.000000
-99.000000
-99.000000
-99.000000
-99.000000
-99.000000
-99.000000
-99.000000
-99.000000
-99.000000
-99.000000
-99.000000
-99.000000
-99.000000
-99.000000
-99.000000
-99.000000
-99.000000
-99.000000
-99.000000
-99.000000
-99.000000
-99.000000
-99.000000
-99.000000
-99.000000
-99.000000
-99.000000
-99.000000
-99.000000
-99.000000
-99.000000
-99.000000
-99.000000
-99.000000
-99.000000
-99.000000
-99.000000
-99.000000
-99.000000
-99.000000
-99.000000
-99.000000
-99.000000
-99.000000
-99.000000
-99.000000
-99.000000
-99.000000
-99.000000
-99.000000
-99.000000
-99.000000
-99.000000
-99.000000
-99.000000
-99.000000
-99.000000
-99.000000
-99.000000
-99.000000
-99.000000
-99.000000
-99.000000
-99.000000
-99.000000
-99.000000
-99.000000
-99.000000
-99.000000
-99.000000
-99.000000
-99.000000
-99.000000
-99.000000
-99.000000
-99.000000
-99.000000
-99.000000
-99.000000
-99.000000
-99.000000
-99.000000
-99.000000
-99.000000
-99.000000
-99.000000
-99.000000
-99.000000
-99.000000
-99.000000
-99.000000
-99.000000
-99.000000
-99.000000
-99.000000
-99.000000
-99.000000
-99.000000
-99.000000
-99.000000
-99.000000
-99.000000
-99.000000
-99.000000
-99.000000
-99.000000
-99.000000
-99.000000
-99.000000
-99.000000
-99.000000
-99.000000
-99.000000
-99.000000
-99.000000
-99.000000
-99.000000
-99.000000
-99.000000
-99.000000
-99.000000
-99.000000
-99.000000
-99.000000
-99.000000
-99.000000
-99.000000
-99.000000
-99.000000
-99.000000
-99.000000
-99.000000
-99.000000
-99.000000
-99.000000
-99.000000
-99.000000
-99.000000
-99.000000
-99.000000
-99.000000
-99.000000
-99.000000
-99.000000
-99.000000
-99.000000
-99.000000
-99.000000
-99.000000
-99.000000
-99.000000
-99.000000
-99.000000
-99.000000
-99.000000
-99.000000
-99.000000
-99.000000
-99.000000
-99.000000
-99.000000
-99.000000
-99.000000
-99.000000
-99.000000
-99.000000
-99.000000
-99.000000
-99.000000
-99.000000
-99.000000
-99.000000
-99.000000
-99.000000
-99.000000
-99.000000
-99.000000
-99.000000
-99.000000
-99.000000
-99.000000
-99.000000
-99.000000
-99.000000
-99.000000
-99.000000
-99.000000
-99.000000
-99.000000
-99.000000
-99.000000
-99.000000
-99.000000
-99.000000
-99.000000
-99.000000
-99.000000
-99.000000
-99.000000
-99.000000
-99.000000
-99.000000
-99.000000
-99.000000
-99.000000
-99.000000
-99.000000
-99.000000
-99.000000
-99.000000
-99.000000
-99.000000
-99.000000
-99.000000
-99.000000
-99.000000
-99.000000
-99.000000
-99.000000
-99.000000
-99.000000
-99.000000
-99.000000
-99.000000
-99.000000
-99.000000
-99.000000
-99.000000
-99.000000
-99.000000
-99.000000
-99.000000
-99.000000
-99.000000
-99.000000
-99.000000
-99.000000
-99.000000
-99.000000
-99.000000
-99.000000
-99.000000
-99.000000
-99.000000
-99.000000
-99.000000
-99.000000
-99.000000
-99.000000
-99.000000
-99.000000
-99.000000
-99.000000
-99.000000
-99.000000
-99.000000
-99.000000
-99.000000
-99.000000
-99.000000
-99.000000
-99.000000
-99.000000
-99.000000
-99.000000
-99.000000
-99.000000
-99.000000
-99.000000
-99.000000
-99.000000
-99.000000
-99.000000
-99.000000
-99.000000
-99.000000
-99.000000
-99.000000
-99.000000
-99.000000
-99.000000
-99.000000
-99.000000
-99.000000
-99.000000
-99.000000
-99.000000
-99.000000
-99.000000
-99.000000
-99.000000
-99.000000
-99.000000
-99.000000
-99.000000
-99.000000
-99.000000
-99.000000
-99.000000
-99.000000
-99.000000
-99.000000
-99.000000
-99.000000
-99.000000
-99.000000
-99.000000
-99.000000
-99.000000
-99.000000
-99.000000
-99.000000
-99.000000
-99.000000
-99.000000
-99.000000
-99.000000
-99.000000
-99.000000
-99.000000
-99.000000
-99.000000
-99.000000
-99.000000
-99.000000
-99.000000
-99.000000
-99.000000
-99.000000
-99.000000
-99.000000
-99.000000
-99.000000
-99.000000
-99.000000
-99.000000
-99.000000
-99.000000
-99.000000
-99.000000
-99.000000
-99.000000
-99.000000
-99.000000
-99.000000
-99.000000
-99.000000
-99.000000
-99.000000
-99.000000
-99.000000
-99.000000
-99.000000
-99.000000
-99.000000
-99.000000
-99.000000
-99.000000
-99.000000
-99.000000
-99.000000
-99.000000
-99.000000
-99.000000
-99.000000
-99.000000
-99.000000
-99.000000
-99.000000
-99.000000
-99.000000
-99.000000
-99.000000
-99.000000
-99.000000
-99.000000
-99.000000
-99.000000
-99.000000
-99.000000
-99.000000
-99.000000
-99.000000
-99.000000
-99.000000
-99.000000
-99.000000
-99.000000
-99.000000
-99.000000
-99.000000
-99.000000
-99.000000
-99.000000
-99.000000
-99.000000
-99.000000
-99.000000
-99.000000
-99.000000
-99.000000
-99.000000
-99.000000
-99.000000
-99.000000
-99.000000
-99.000000
-99.000000
-99.000000
-99.000000
-99.000000
-99.000000
-99.000000
-99.000000
-99.000000
-99.000000
-99.000000
-99.000000
-99.000000
-99.000000
-99.000000
-99.000000
-99.000000
-99.000000
-99.000000
-99.000000
-99.000000
-99.000000
-99.000000
-99.000000
-99.000000
-99.000000
-99.000000
-99.000000
-99.000000
-99.000000
-99.000000
-99.000000
-99.000000
-99.000000
-99.000000
-99.000000
-99.000000
-99.000000
-99.000000
-99.000000
-99.000000
-99.000000
-99.000000
-99.000000
-99.000000
-99.000000
-99.000000
-99.000000
-99.000000
-99.000000
-99.000000
-99.000000
-99.000000
-99.000000
-99.000000
-99.000000
-99.000000
-99.000000
-99.000000
-99.000000
-99.000000
-99.000000
-99.000000
-99.000000
-99.000000
-99.000000
-99.000000
-99.000000
-99.000000
-99.000000
-99.000000
-99.000000
-99.000000
-99.000000
-99.000000
-99.000000
-99.000000
-99.000000
-99.000000
-99.000000
-99.000000
-99.000000
-99.000000
-99.000000
-99.000000
-99.000000
-99.000000
-99.000000
-99.000000
-99.000000
-99.000000
-99.000000
-99.000000
-99.000000
-99.000000
-99.000000
-99.000000
-99.000000
-99.000000
-99.000000
-99.000000
-99.000000
-99.000000
-99.000000
-99.000000
-99.000000
-99.000000
-99.000000
-99.000000
-99.000000
-99.000000
-99.000000
-99.000000
-99.000000
-99.000000
-99.000000
-99.000000
-99.000000
-99.000000
-99.000000
-99.000000
-99.000000
-99.000000
-99.000000
-99.000000
-99.000000
-99.000000
-99.000000
-99.000000
-99.000000
-99.000000
-99.000000
-99.000000
-99.000000
-99.000000
-99.000000
-99.000000
-99.000000
-99.000000
-99.000000
-99.000000
-99.000000
-99.000000
-99.000000
-99.000000
-99.000000
-99.000000
-99.000000
-99.000000
-99.000000
-99.000000
-99.000000
-99.000000
-99.000000
-99.000000
-99.000000
-99.000000
-99.000000
-99.000000
-99.000000
-99.000000
-99.000000
-99.000000
-99.000000
-99.000000
-99.000000
-99.000000
-99.000000
-99.000000
-99.000000
-99.000000
-99.000000
-99.000000
-99.000000
-99.000000
-99.000000
-99.000000
-99.000000
-99.000000
-99.000000
-99.000000
-99.000000
-99.000000
-99.000000
-99.000000
-99.000000
-99.000000
-99.000000
-99.000000
-99.000000
-99.000000
-99.000000
-99.000000
-99.000000
-99.000000
-99.000000
-99.000000
-99.000000
-99.000000
-99.000000
-99.000000
-99.000000
-99.000000
-99.000000
-99.000000
-99.000000
-99.000000
-99.000000
-99.000000
-99.000000
-99.000000
-99.000000
-99.000000
-99.000000
-99.000000
-99.000000
-99.000000
-99.000000
-99.000000
-99.000000
-99.000000
-99.000000
-99.000000
-99.000000
-99.000000
-99.000000
-99.000000
-99.000000
-99.000000
-99.000000
-99.000000
-99.000000
-99.000000
-99.000000
-99.000000
-99.000000
-99.000000
-99.000000
-99.000000
-99.000000
-99.000000
-99.000000
-99.000000
-99.000000
-99.000000
-99.000000
-99.000000
-99.000000
-99.000000
-99.000000
-99.000000
-99.000000
-99.000000
-99.000000
-99.000000
-99.000000
-99.000000
-99.000000
-99.000000
-99.000000
-99.000000
-99.000000
-99.000000
-99.000000
-99.000000
-99.000000
-99.000000
-99.000000
-99.000000
-99.000000
-99.000000
-99.000000
-99.000000
-99.000000
-99.000000
-99.000000
-99.000000
-99.000000
-99.000000
-99.000000
-99.000000
-99.000000
-99.000000
-99.000000
-99.000000
-99.000000
-99.000000
-99.000000
-99.000000
-99.000000
-99.000000
-99.000000
-99.000000
-99.000000
-99.000000
-99.000000
-99.000000
-99.000000
-99.000000
-99.000000
-99.000000
-99.000000
-99.000000
-99.000000
-99.000000
-99.000000
-99.000000
-99.000000
-99.000000
-99.000000
-99.000000
-99.000000
-99.000000
-99.000000
-99.000000
-99.000000
-99.000000
-99.000000
-99.000000
-99.000000
-99.000000
-99.000000
-99.000000
-99.000000
-99.000000
-99.000000
-99.000000
-99.000000
-99.000000
-99.000000
-99.000000
-99.000000
-99.000000
-99.000000
-99.000000
-99.000000
-99.000000
-99.000000
-99.000000
-99.000000
-99.000000
-99.000000
-99.000000
-99.000000
-99.000000
-99.000000
-99.000000
-99.000000
-99.000000
-99.000000
-99.000000
-99.000000
-99.000000
-99.000000
-99.000000
-99.000000
-99.000000
-99.000000
-99.000000
-99.000000
-99.000000
-99.000000
-99.000000
-99.000000
-99.000000
-99.000000
-99.000000
-99.000000
-99.000000
-99.000000
-99.000000
-99.000000
-99.000000
-99.000000
-99.000000
-99.000000
-99.000000
-99.000000
-99.000000
-99.000000
-99.000000
-99.000000
-99.000000
-99.000000
-99.000000
-99.000000
-99.000000
-99.000000
-99.000000
-99.000000
-99.000000
-99.000000
-99.000000
-99.000000
-99.000000
-99.000000
-99.000000
-99.000000
-99.000000
-99.000000
-99.000000
-99.000000
-99.000000
-99.000000
-99.000000
-99.000000
-99.000000
-99.000000
-99.000000
-99.000000
-99.000000
-99.000000
-99.000000
-99.000000
-99.000000
-99.000000
-99.000000
-99.000000
-99.000000
-99.000000
-99.000000
-99.000000
-99.000000
-99.000000
-99.000000
-99.000000
-99.000000
-99.000000
-99.000000
-99.000000
-99.000000
-99.000000
-99.000000
-99.000000
-99.000000
-99.000000
-99.000000
-99.000000
-99.000000
-99.000000
-99.000000
-99.000000
-99.000000
-99.000000
-99.000000
-99.000000
-99.000000
-99.000000
-99.000000
-99.000000
-99.000000
-99.000000
-99.000000
-99.000000
-99.000000
-99.000000
-99.000000
-99.000000
-99.000000
-99.000000
-99.000000
-99.000000
-99.000000
-99.000000
-99.000000
-99.000000
-99.000000
-99.000000
-99.000000
-99.000000
-99.000000
-99.000000
-99.000000
-99.000000
-99.000000
-99.000000
-99.000000
-99.000000
-99.000000
-99.000000
-99.000000
-99.000000
-99.000000
-99.000000
-99.000000
-99.000000
-99.000000
-99.000000
-99.000000
-99.000000
-99.000000
-99.000000
-99.000000
-99.000000
-99.000000
-99.000000
-99.000000
-99.000000
-99.000000
-99.000000
-99.000000
-99.000000
-99.000000
-99.000000
-99.000000
-99.000000
-99.000000
-99.000000
-99.000000
-99.000000
-99.000000
-99.000000
-99.000000
-99.000000
-99.000000
-99.000000
-99.000000
-99.000000
-99.000000
-99.000000
-99.000000
-99.000000
-99.000000
-99.000000
-99.000000
-99.000000
-99.000000
-99.000000
-99.000000
-99.000000
-99.000000
-99.000000
-99.000000
-99.000000
-99.000000
-99.000000
-99.000000
-99.000000
-99.000000
-99.000000
-99.000000
-99.000000
-99.000000
-99.000000
-99.000000
-99.000000
-99.000000
-99.000000
-99.000000
-99.000000
-99.000000
-99.000000
-99.000000
-99.000000
-99.000000
-99.000000
-99.000000
-99.000000
-99.000000
-99.000000
-99.000000
-99.000000
-99.000000
-99.000000
-99.000000
-99.000000
-99.000000
-99.000000
-99.000000
-99.000000
-99.000000
-99.000000
-99.000000
-99.000000
-99.000000
-99.000000
-99.000000
-99.000000
-99.000000
-99.000000
-99.000000
-99.000000
-99.000000
-99.000000
-99.000000
-99.000000
-99.000000
-99.000000
-99.000000
-99.000000
-99.000000
-99.000000
-99.000000
-99.000000
-99.000000
-99.000000
-99.000000
-99.000000
-99.000000
-99.000000
-99.000000
-99.000000
-99.000000
-99.000000
-99.000000
-99.000000
-99.000000
-99.000000
-99.000000
-99.000000
-99.000000
-99.000000
-99.000000
-99.000000
-99.000000
-99.000000
-99.000000
-99.000000
-99.000000
-99.000000
-99.000000
-99.000000
-99.000000
-99.000000
-99.000000
-99.000000
-99.000000
-99.000000
-99.000000
-99.000000
-99.000000
-99.000000
-99.000000
-99.000000
-99.000000
-99.000000
-99.000000
-99.000000
-99.000000
-99.000000
-99.000000
-99.000000
-99.000000
-99.000000
-99.000000
-99.000000
-99.000000
-99.000000
-99.000000
-99.000000
-99.000000
-99.000000
-99.000000
-99.000000
-99.000000
-99.000000
-99.000000
-99.000000
-99.000000
-99.000000
-99.000000
-99.000000
-99.000000
-99.000000
-99.000000
-99.000000
-99.000000
-99.000000
-99.000000
-99.000000
-99.000000
-99.000000
-99.000000
-99.000000
-99.000000
-99.000000
-99.000000
-99.000000
-99.000000
-99.000000
-99.000000
-99.000000
-99.000000
-99.000000
-99.000000
-99.000000
-99.000000
-99.000000
-99.000000
-99.000000
-99.000000
-99.000000
-99.000000
-99.000000
-99.000000
-99.000000
-99.000000
-99.000000
-99.000000
-99.000000
-99.000000
-99.000000
-99.000000
-99.000000
-99.000000
-99.000000
-99.000000
-99.000000
-99.000000
-99.000000
-99.000000
-99.000000
-99.000000
-99.000000
-99.000000
-99.000000
-99.000000
-99.000000
-99.000000
-99.000000
-99.000000
-99.000000
-99.000000
-99.000000
-99.000000
-99.000000
-99.000000
-99.000000
-99.000000
-99.000000
-99.000000
-99.000000
-99.000000
-99.000000
-99.000000
-99.000000
-99.000000
-99.000000
-99.000000
-99.000000
-99.000000
-99.000000
-99.000000
-99.000000
-99.000000
-99.000000
-99.000000
-99.000000
-99.000000
-99.000000
-99.000000
-99.000000
-99.000000
-99.000000
-99.000000
-99.000000
-99.000000
-99.000000
-99.000000
-99.000000
-99.000000
-99.000000
-99.000000
-99.000000
-99.000000
-99.000000
-99.000000
-99.000000
-99.000000
-99.000000
-99.000000
-99.000000
-99.000000
-99.000000
-99.000000
-99.000000
-99.000000
-99.000000
-99.000000
-99.000000
-99.000000
-99.000000
-99.000000
-99.000000
-99.000000
-99.000000
-99.000000
-99.000000
-99.000000
-99.000000
-99.000000
-99.000000
-99.000000
-99.000000
-99.000000
-99.000000
-99.000000
-99.000000
-99.000000
-99.000000
-99.000000
-99.000000
-99.000000
-99.000000
-99.000000
-99.000000
-99.000000
-99.000000
-99.000000
-99.000000
-99.000000
-99.000000
-99.000000
-99.000000
-99.000000
-99.000000
-99.000000
-99.000000
-99.000000
-99.000000
-99.000000
-99.000000
-99.000000
-99.000000
-99.000000
-99.000000
-99.000000
-99.000000
-99.000000
-99.000000
-99.000000
-99.000000
-99.000000
-99.000000
-99.000000
-99.000000
-99.000000
-99.000000
-99.000000
-99.000000
-99.000000
-99.000000
-99.000000
-99.000000
-99.000000
-99.000000
-99.000000
-99.000000
-99.000000
-99.000000
-99.000000
-99.000000
-99.000000
-99.000000
-99.000000
-99.000000
-99.000000
-99.000000
-99.000000
-99.000000
-99.000000
-99.000000
-99.000000
-99.000000
-99.000000
-99.000000
-99.000000
-99.000000
-99.000000
-99.000000
-99.000000
-99.000000
-99.000000
-99.000000
-99.000000
-99.000000
-99.000000
-99.000000
-99.000000
-99.000000
-99.000000
-99.000000
-99.000000
-99.000000
-99.000000
-99.000000
-99.000000
-99.000000
-99.000000
-99.000000
-99.000000
-99.000000
-99.000000
-99.000000
-99.000000
-99.000000
-99.000000
-99.000000
-99.000000
-99.000000
-99.000000
-99.000000
-99.000000
-99.000000
-99.000000
-99.000000
-99.000000
-99.000000
-99.000000
-99.000000
-99.000000
-99.000000
-99.000000
-99.000000
-99.000000
-99.000000
-99.000000
-99.000000
-99.000000
-99.000000
-99.000000
-99.000000
-99.000000
-99.000000
-99.000000
-99.000000
-99.000000
-99.000000
-99.000000
-99.000000
-99.000000
-99.000000
-99.000000
-99.000000
-99.000000
-99.000000
-99.000000
-99.000000
-99.000000
-99.000000
-99.000000
-99.000000
-99.000000
-99.000000
-99.000000
-99.000000
-99.000000
-99.000000
-99.000000
-99.000000
-99.000000
-99.000000
-99.000000
-99.000000
-99.000000
-99.000000
-99.000000
-99.000000
-99.000000
-99.000000
-99.000000
-99.000000
-99.000000
-99.000000
-99.000000
-99.000000
-99.000000
-99.000000
-99.000000
-99.000000
-99.000000
-99.000000
-99.000000
-99.000000
-99.000000
-99.000000
-99.000000
-99.000000
-99.000000
-99.000000
-99.000000
-99.000000
-99.000000
-99.000000
-99.000000
-99.000000
-99.000000
-99.000000
-99.000000
-99.000000
-99.000000
-99.000000
-99.000000
-99.000000
-99.000000
-99.000000
-99.000000
-99.000000
-99.000000
-99.000000
-99.000000
-99.000000
-99.000000
-99.000000
-99.000000
-99.000000
-99.000000
-99.000000
-99.000000
-99.000000
-99.000000
-99.000000
-99.000000
-99.000000
-99.000000
-99.000000
-99.000000
-99.000000
-99.000000
-99.000000
-99.000000
-99.000000
-99.000000
-99.000000
-99.000000
-99.000000
-99.000000
-99.000000
-99.000000
-99.000000
-99.000000
-99.000000
-99.000000
-99.000000
-99.000000
-99.000000
-99.000000
-99.000000
-99.000000
-99.000000
-99.000000
-99.000000
-99.000000
-99.000000
-99.000000
-99.000000
-99.000000
-99.000000
-99.000000
-99.000000
-99.000000
-99.000000
-99.000000
-99.000000
-99.000000
-99.000000
-99.000000
-99.000000
-99.000000
-99.000000
-99.000000
-99.000000
-99.000000
-99.000000
-99.000000
-99.000000
-99.000000
-99.000000
-99.000000
-99.000000
-99.000000
-99.000000
-99.000000
-99.000000
-99.000000
-99.000000
-99.000000
-99.000000
-99.000000
-99.000000
-99.000000
-99.000000
-99.000000
-99.000000
-99.000000
-99.000000
-99.000000
-99.000000
-99.000000
-99.000000
-99.000000
-99.000000
-99.000000
-99.000000
-99.000000
-99.000000
-99.000000
-99.000000
-99.000000
-99.000000
-99.000000
-99.000000
-99.000000
-99.000000
-99.000000
-99.000000
-99.000000
-99.000000
-99.000000
-99.000000
-99.000000
-99.000000
-99.000000
-99.000000
-99.000000
-99.000000
-99.000000
-99.000000
-99.000000
-99.000000
-99.000000
-99.000000
-99.000000
-99.000000
-99.000000
-99.000000
-99.000000
-99.000000
-99.000000
-99.000000
-99.000000
-99.000000
-99.000000
-99.000000
-99.000000
-99.000000
-99.000000
-99.000000
-99.000000
-99.000000
-99.000000
-99.000000
-99.000000
-99.000000
-99.000000
-99.000000
-99.000000
-99.000000
-99.000000
-99.000000
-99.000000
-99.000000
-99.000000
-99.000000
-99.000000
-99.000000
-99.000000
-99.000000
-99.000000
-99.000000
-99.000000
-99.000000
-99.000000
-99.000000
-99.000000
-99.000000
-99.000000
-99.000000
-99.000000
-99.000000
-99.000000
-99.000000
-99.000000
-99.000000
-99.000000
-99.000000
-99.000000
-99.000000
-99.000000
-99.000000
-99.000000
-99.000000
-99.000000
-99.000000
-99.000000
-99.000000
-99.000000
-99.000000
-99.000000
-99.000000
-99.000000
-99.000000
-99.000000
-99.000000
-99.000000
-99.000000
-99.000000
-99.000000
-99.000000
-99.000000
-99.000000
-99.000000
-99.000000
-99.000000
-99.000000
-99.000000
-99.000000
-99.000000
-99.000000
-99.000000
-99.000000
-99.000000
-99.000000
-99.000000
-99.000000
-99.000000
-99.000000
-99.000000
-99.000000
-99.000000
-99.000000
-99.000000
-99.000000
-99.000000
-99.000000
-99.000000
-99.000000
-99.000000
-99.000000
-99.000000
-99.000000
-99.000000
-99.000000
-99.000000
-99.000000
-99.000000
-99.000000
-99.000000
-99.000000
-99.000000
-99.000000
-99.000000
-99.000000
-99.000000
-99.000000
-99.000000
-99.000000
-99.000000
-99.000000
-99.000000
-99.000000
-99.000000
-99.000000
-99.000000
-99.000000
-99.000000
-99.000000
-99.000000
-99.000000
-99.000000
-99.000000
-99.000000
-99.000000
-99.000000
-99.000000
-99.000000
-99.000000
-99.000000
-99.000000
-99.000000
-99.000000
-99.000000
-99.000000
-99.000000
-99.000000
-99.000000
-99.000000
-99.000000
-99.000000
-99.000000
-99.000000
-99.000000
-99.000000
-99.000000
-99.000000
-99.000000
-99.000000
-99.000000
-99.000000
-99.000000
-99.000000
-99.000000
-99.000000
-99.000000
-99.000000
-99.000000
-99.000000
-99.000000
-99.000000
-99.000000
-99.000000
-99.000000
-99.000000
-99.000000
-99.000000
-99.000000
-99.000000
-99.000000
-99.000000
-99.000000
-99.000000
-99.000000
-99.000000
-99.000000
-99.000000
-99.000000
-99.000000
-99.000000
-99.000000
-99.000000
-99.000000
-99.000000
-99.000000
-99.000000
-99.000000
-99.000000
-99.000000
-99.000000
-99.000000
-99.000000
-99.000000
-99.000000
-99.000000
-99.000000
-99.000000
-99.000000
-99.000000
-99.000000
-99.000000
-99.000000
-99.000000
-99.000000
-99.000000
-99.000000
-99.000000
-99.000000
-99.000000
-99.000000
-99.000000
-99.000000
-99.000000
-99.000000
-99.000000
-99.000000
-99.000000
-99.000000
-99.000000
-99.000000
-99.000000
-99.000000
-99.000000
-99.000000
-99.000000
-99.000000
-99.000000
-99.000000
-99.000000
-99.000000
-99.000000
-99.000000
-99.000000
-99.000000
-99.000000
-99.000000
-99.000000
-99.000000
-99.000000
-99.000000
-99.000000
-99.000000
-99.000000
-99.000000
-99.000000
-99.000000
-99.000000
-99.000000
-99.000000
-99.000000
-99.000000
-99.000000
-99.000000
-99.000000
-99.000000
-99.000000
-99.000000
-99.000000
-99.000000
-99.000000
-99.000000
-99.000000
-99.000000
-99.000000
-99.000000
-99.000000
-99.000000
-99.000000
-99.000000
-99.000000
-99.000000
-99.000000
-99.000000
-99.000000
-99.000000
-99.000000
-99.000000
-99.000000
-99.000000
-99.000000
-99.000000
-99.000000
-99.000000
-99.000000
-99.000000
-99.000000
-99.000000
-99.000000
-99.000000
-99.000000
-99.000000
-99.000000
-99.000000
-99.000000
-99.000000
-99.000000
-99.000000
-99.000000
-99.000000
-99.000000
-99.000000
-99.000000
-99.000000
-99.000000
-99.000000
-99.000000
-99.000000
-99.000000
-99.000000
-99.000000
-99.000000
-99.000000
-99.000000
-99.000000
-99.000000
-99.000000
-99.000000
-99.000000
-99.000000
-99.000000
-99.000000
-99.000000
-99.000000
-99.000000
-99.000000
-99.000000
-99.000000
-99.000000
-99.000000
-99.000000
-99.000000
-99.000000
-99.000000
-99.000000
-99.000000
-99.000000
-99.000000
-99.000000
-99.000000
-99.000000
-99.000000
-99.000000
-99.000000
-99.000000
-99.000000
-99.000000
-99.000000
-99.000000
-99.000000
-99.000000
-99.000000
-99.000000
-99.000000
-99.000000
-99.000000
-99.000000
-99.000000
-99.000000
-99.000000
-99.000000
-99.000000
-99.000000
-99.000000
-99.000000
-99.000000
-99.000000
-99.000000
-99.000000
-99.000000
-99.000000
-99.000000
-99.000000
-99.000000
-99.000000
-99.000000
-99.000000
-99.000000
-99.000000
-99.000000
-99.000000
-99.000000
-99.000000
-99.000000
-99.000000
-99.000000
-99.000000
-99.000000
-99.000000
-99.000000
-99.000000
-99.000000
-99.000000
-99.000000
-99.000000
-99.000000
-99.000000
-99.000000
-99.000000
-99.000000
-99.000000
-99.000000
-99.000000
-99.000000
-99.000000
-99.000000
-99.000000
-99.000000
-99.000000
-99.000000
-99.000000
-99.000000
-99.000000
-99.000000
-99.000000
-99.000000
-99.000000
-99.000000
-99.000000
-99.000000
-99.000000
-99.000000
-99.000000
-99.000000
-99.000000
-99.000000
-99.000000
-99.000000
-99.000000
-99.000000
-99.000000
-99.000000
-99.000000
-99.000000
-99.000000
-99.000000
-99.000000
-99.000000
-99.000000
-99.000000
-99.000000
-99.000000
-99.000000
-99.000000
-99.000000
-99.000000
-99.000000
-99.000000
-99.000000
-99.000000
-99.000000
-99.000000
-99.000000
-99.000000
-99.000000
-99.000000
-99.000000
-99.000000
-99.000000
-99.000000
-99.000000
-99.000000
-99.000000
-99.000000
-99.000000
-99.000000
-99.000000
-99.000000
-99.000000
-99.000000
-99.000000
-99.000000
-99.000000
-99.000000
-99.000000
-99.000000
-99.000000
-99.000000
-99.000000
-99.000000
-99.000000
-99.000000
-99.000000
-99.000000
-99.000000
-99.000000
-99.000000
-99.000000
-99.000000
-99.000000
-99.000000
-99.000000
-99.000000
-99.000000
-99.000000
-99.000000
-99.000000
-99.000000
-99.000000
-99.000000
-99.000000
-99.000000
-99.000000
-99.000000
-99.000000
-99.000000
-99.000000
-99.000000
-99.000000
-99.000000
-99.000000
-99.000000
-99.000000
-99.000000
-99.000000
-99.000000
-99.000000
-99.000000
-99.000000
-99.000000
-99.000000
-99.000000
-99.000000
-99.000000
-99.000000
-99.000000
-99.000000
-99.000000
-99.000000
-99.000000
-99.000000
-99.000000
-99.000000
-99.000000
-99.000000
-99.000000
-99.000000
-99.000000
-99.000000
-99.000000
-99.000000
-99.000000
-99.000000
-99.000000
-99.000000
-99.000000
-99.000000
-99.000000
-99.000000
-99.000000
-99.000000
-99.000000
-99.000000
-99.000000
-99.000000
-99.000000
-99.000000
-99.000000
-99.000000
-99.000000
-99.000000
-99.000000
-99.000000
-99.000000
-99.000000
-99.000000
-99.000000
-99.000000
-99.000000
-99.000000
-99.000000
-99.000000
-99.000000
-99.000000
-99.000000
-99.000000
-99.000000
-99.000000
-99.000000
-99.000000
-99.000000
-99.000000
-99.000000
-99.000000
-99.000000
-99.000000
-99.000000
-99.000000
-99.000000
-99.000000
-99.000000
-99.000000
-99.000000
-99.000000
-99.000000
-99.000000
-99.000000
-99.000000
-99.000000
-99.000000
-99.000000
-99.000000
-99.000000
-99.000000
-99.000000
-99.000000
-99.000000
-99.000000
-99.000000
-99.000000
-99.000000
-99.000000
-99.000000
-99.000000
-99.000000
-99.000000
-99.000000
-99.000000
-99.000000
-99.000000
-99.000000
-99.000000
-99.000000
-99.000000
-99.000000
-99.000000
-99.000000
-99.000000
-99.000000
-99.000000
-99.000000
-99.000000
-99.000000
-99.000000
-99.000000
-99.000000
-99.000000
-99.000000
-99.000000
-99.000000
-99.000000
-99.000000
-99.000000
-99.000000
-99.000000
-99.000000
-99.000000
-99.000000
-99.000000
-99.000000
-99.000000
-99.000000
-99.000000
-99.000000
-99.000000
-99.000000
-99.000000
-99.000000
-99.000000
-99.000000
-99.000000
-99.000000
-99.000000
-99.000000
-99.000000
-99.000000
-99.000000
-99.000000
-99.000000
-99.000000
-99.000000
-99.000000
-99.000000
-99.000000
-99.000000
-99.000000
-99.000000
-99.000000
-99.000000
-99.000000
-99.000000
-99.000000
-99.000000
-99.000000
-99.000000
-99.000000
-99.000000
-99.000000
-99.000000
-99.000000
-99.000000
-99.000000
-99.000000
-99.000000
-99.000000
-99.000000
-99.000000
-99.000000
-99.000000
-99.000000
-99.000000
-99.000000
-99.000000
-99.000000
-99.000000
-99.000000
-99.000000
-99.000000
-99.000000
-99.000000
-99.000000
-99.000000
-99.000000
-99.000000
-99.000000
-99.000000
-99.000000
-99.000000
-99.000000
-99.000000
-99.000000
-99.000000
-99.000000
-99.000000
-99.000000
-99.000000
-99.000000
-99.000000
-99.000000
-99.000000
-99.000000
-99.000000
-99.000000
-99.000000
-99.000000
-99.000000
-99.000000
-99.000000
-99.000000
-99.000000
-99.000000
-99.000000
-99.000000
-99.000000
-99.000000
-99.000000
-99.000000
-99.000000
-99.000000
-99.000000
-99.000000
-99.000000
-99.000000
-99.000000
-99.000000
-99.000000
-99.000000
-99.000000
-99.000000
-99.000000
-99.000000
-99.000000
-99.000000
-99.000000
-99.000000
-99.000000
-99.000000
-99.000000
-99.000000
-99.000000
-99.000000
-99.000000
-99.000000
-99.000000
-99.000000
-99.000000
-99.000000
-99.000000
-99.000000
-99.000000
-99.000000
-99.000000
-99.000000
-99.000000
-99.000000
-99.000000
-99.000000
-99.000000
-99.000000
-99.000000
-99.000000
-99.000000
-99.000000
-99.000000
-99.000000
-99.000000
-99.000000
-99.000000
-99.000000
-99.000000
-99.000000
-99.000000
-99.000000
-99.000000
-99.000000
-99.000000
-99.000000
-99.000000
-99.000000
-99.000000
-99.000000
-99.000000
-99.000000
-99.000000
-99.000000
-99.000000
-99.000000
-99.000000
-99.000000
-99.000000
-99.000000
-99.000000
-99.000000
-99.000000
-99.000000
-99.000000
-99.000000
-99.000000
-99.000000
-99.000000
-99.000000
-99.000000
-99.000000
-99.000000
-99.000000
-99.000000
-99.000000
-99.000000
-99.000000
-99.000000
-99.000000
-99.000000
-99.000000
-99.000000
-99.000000
-99.000000
-99.000000
-99.000000
-99.000000
-99.000000
-99.000000
-99.000000
-99.000000
-99.000000
-99.000000
-99.000000
-99.000000
-99.000000
-99.000000
-99.000000
-99.000000
-99.000000
-99.000000
-99.000000
-99.000000
-99.000000
-99.000000
-99.000000
-99.000000
-99.000000
-99.000000
-99.000000
-99.000000
-99.000000
-99.000000
-99.000000
-99.000000
-99.000000
-99.000000
-99.000000
-99.000000
-99.000000
-99.000000
-99.000000
-99.000000
-99.000000
-99.000000
-99.000000
-99.000000
-99.000000
-99.000000
-99.000000
-99.000000
-99.000000
-99.000000
-99.000000
-99.000000
-99.000000
-99.000000
-99.000000
-99.000000
-99.000000
-99.000000
-99.000000
-99.000000
-99.000000
-99.000000
-99.000000
-99.000000
-99.000000
-99.000000
-99.000000
-99.000000
-99.000000
-99.000000
-99.000000
-99.000000
-99.000000
-99.000000
-99.000000
-99.000000
-99.000000
-99.000000
-99.000000
-99.000000
-99.000000
-99.000000
-99.000000
-99.000000
-99.000000
-99.000000
-99.000000
-99.000000
-99.000000
-99.000000
-99.000000
-99.000000
-99.000000
-99.000000
-99.000000
-99.000000
-99.000000
-99.000000
-99.000000
-99.000000
-99.000000
-99.000000
-99.000000
-99.000000
-99.000000
-99.000000
-99.000000
-99.000000
-99.000000
-99.000000
-99.000000
-99.000000
-99.000000
-99.000000
-99.000000
-99.000000
-99.000000
-99.000000
-99.000000
-99.000000
-99.000000
-99.000000
-99.000000
-99.000000
-99.000000
-99.000000
-99.000000
-99.000000
-99.000000
-99.000000
-99.000000
-99.000000
-99.000000
-99.000000
-99.000000
-99.000000
-99.000000
-99.000000
-99.000000
-99.000000
-99.000000
-99.000000
-99.000000
-99.000000
-99.000000
-99.000000
-99.000000
-99.000000
-99.000000
-99.000000
-99.000000
-99.000000
-99.000000
-99.000000
-99.000000
-99.000000
-99.000000
-99.000000
-99.000000
-99.000000
-99.000000
-99.000000
-99.000000
-99.000000
-99.000000
-99.000000
-99.000000
-99.000000
-99.000000
-99.000000
-99.000000
-99.000000
-99.000000
-99.000000
-99.000000
-99.000000
-99.000000
-99.000000
-99.000000
-99.000000
-99.000000
-99.000000
-99.000000
-99.000000
-99.000000
-99.000000
-99.000000
-99.000000
-99.000000
-99.000000
-99.000000
-99.000000
-99.000000
-99.000000
-99.000000
-99.000000
-99.000000
-99.000000
-99.000000
-99.000000
-99.000000
-99.000000
-99.000000
-99.000000
-99.000000
-99.000000
-99.000000
-99.000000
-99.000000
-99.000000
-99.000000
-99.000000
-99.000000
-99.000000
-99.000000
-99.000000
-99.000000
-99.000000
-99.000000
-99.000000
-99.000000
-99.000000
-99.000000
-99.000000
-99.000000
-99.000000
-99.000000
-99.000000
-99.000000
-99.000000
-99.000000
-99.000000
-99.000000
-99.000000
-99.000000
-99.000000
-99.000000
-99.000000
-99.000000
-99.000000
-99.000000
-99.000000
-99.000000
-99.000000
-99.000000
-99.000000
-99.000000
-99.000000
-99.000000
-99.000000
-99.000000
-99.000000
-99.000000
-99.000000
-99.000000
-99.000000
-99.000000
-99.000000
-99.000000
-99.000000
-99.000000
-99.000000
-99.000000
-99.000000
-99.000000
-99.000000
-99.000000
-99.000000
-99.000000
-99.000000
-99.000000
-99.000000
-99.000000
-99.000000
-99.000000
-99.000000
-99.000000
-99.000000
-99.000000
-99.000000
-99.000000
-99.000000
-99.000000
-99.000000
-99.000000
-99.000000
-99.000000
-99.000000
-99.000000
-99.000000
-99.000000
-99.000000
-99.000000
-99.000000
-99.000000
-99.000000
-99.000000
-99.000000
-99.000000
-99.000000
-99.000000
-99.000000
-99.000000
-99.000000
-99.000000
-99.000000
-99.000000
-99.000000
-99.000000
-99.000000
-99.000000
-99.000000
-99.000000
-99.000000
-99.000000
-99.000000
-99.000000
-99.000000
-99.000000
-99.000000
-99.000000
-99.000000
-99.000000
-99.000000
-99.000000
-99.000000
-99.000000
-99.000000
-99.000000
-99.000000
-99.000000
-99.000000
-99.000000
-99.000000
-99.000000
-99.000000
-99.000000
-99.000000
-99.000000
-99.000000
-99.000000
-99.000000
-99.000000
-99.000000
-99.000000
-99.000000
-99.000000
-99.000000
-99.000000
-99.000000
-99.000000
-99.000000
-99.000000
-99.000000
-99.000000
-99.000000
-99.000000
-99.000000
-99.000000
-99.000000
-99.000000
-99.000000
-99.000000
-99.000000
-99.000000
-99.000000
-99.000000
-99.000000
-99.000000
-99.000000
-99.000000
-99.000000
-99.000000
-99.000000
-99.000000
-99.000000
-99.000000
-99.000000
-99.000000
-99.000000
-99.000000
-99.000000
-99.000000
-99.000000
-99.000000
-99.000000
-99.000000
-99.000000
-99.000000
-99.000000
-99.000000
-99.000000
-99.000000
-99.000000
-99.000000
-99.000000
-99.000000
-99.000000
-99.000000
-99.000000
-99.000000
-99.000000
-99.000000
-99.000000
-99.000000
-99.000000
-99.000000
-99.000000
-99.000000
-99.000000
-99.000000
-99.000000
-99.000000
-99.000000
-99.000000
-99.000000
-99.000000
-99.000000
-99.000000
-99.000000
-99.000000
-99.000000
-99.000000
-99.000000
-99.000000
-99.000000
-99.000000
-99.000000
-99.000000
-99.000000
-99.000000
-99.000000
-99.000000
-99.000000
-99.000000
-99.000000
-99.000000
-99.000000
-99.000000
-99.000000
-99.000000
-99.000000
-99.000000
-99.000000
-99.000000
-99.000000
-99.000000
-99.000000
-99.000000
-99.000000
-99.000000
-99.000000
-99.000000
-99.000000
-99.000000
-99.000000
-99.000000
-99.000000
-99.000000
-99.000000
-99.000000
-99.000000
-99.000000
-99.000000
-99.000000
-99.000000
-99.000000
-99.000000
-99.000000
-99.000000
-99.000000
-99.000000
-99.000000
-99.000000
-99.000000
-99.000000
-99.000000
-99.000000
-99.000000
-99.000000
-99.000000
-99.000000
-99.000000
-99.000000
-99.000000
-99.000000
-99.000000
-99.000000
-99.000000
-99.000000
-99.000000
-99.000000
-99.000000
-99.000000
-99.000000
-99.000000
-99.000000
-99.000000
-99.000000
-99.000000
-99.000000
-99.000000
-99.000000
-99.000000
-99.000000
-99.000000
-99.000000
-99.000000
-99.000000
-99.000000
-99.000000
-99.000000
-99.000000
-99.000000
-99.000000
-99.000000
-99.000000
-99.000000
-99.000000
-99.000000
-99.000000
-99.000000
-99.000000
-99.000000
-99.000000
-99.000000
-99.000000
-99.000000
-99.000000
-99.000000
-99.000000
-99.000000
-99.000000
-99.000000
-99.000000
-99.000000
-99.000000
-99.000000
-99.000000
-99.000000
-99.000000
-99.000000
-99.000000
-99.000000
-99.000000
-99.000000
-99.000000
-99.000000
-99.000000
-99.000000
-99.000000
-99.000000
-99.000000
-99.000000
-99.000000
-99.000000
-99.000000
-99.000000
-99.000000
-99.000000
-99.000000
-99.000000
-99.000000
-99.000000
-99.000000
-99.000000
-99.000000
-99.000000
-99.000000
-99.000000
-99.000000
-99.000000
-99.000000
-99.000000
-99.000000
-99.000000
-99.000000
-99.000000
-99.000000
-99.000000
-99.000000
-99.000000
-99.000000
-99.000000
-99.000000
-99.000000
-99.000000
-99.000000
-99.000000
-99.000000
-99.000000
-99.000000
-99.000000
-99.000000
-99.000000
-99.000000
-99.000000
-99.000000
-99.000000
-99.000000
-99.000000
-99.000000
-99.000000
-99.000000
-99.000000
-99.000000
-99.000000
-99.000000
-99.000000
-99.000000
-99.000000
-99.000000
-99.000000
-99.000000
-99.000000
-99.000000
-99.000000
-99.000000
-99.000000
-99.000000
-99.000000
-99.000000
-99.000000
-99.000000
-99.000000
-99.000000
-99.000000
-99.000000
-99.000000
-99.000000
-99.000000
-99.000000
-99.000000
-99.000000
-99.000000
-99.000000
-99.000000
-99.000000
-99.000000
-99.000000
-99.000000
-99.000000
-99.000000
-99.000000
-99.000000
-99.000000
-99.000000
-99.000000
-99.000000
-99.000000
-99.000000
-99.000000
-99.000000
-99.000000
-99.000000
-99.000000
-99.000000
-99.000000
-99.000000
-99.000000
-99.000000
-99.000000
-99.000000
-99.000000
-99.000000
-99.000000
-99.000000
-99.000000
-99.000000
-99.000000
-99.000000
-99.000000
-99.000000
-99.000000
-99.000000
-99.000000
-99.000000
-99.000000
-99.000000
-99.000000
-99.000000
-99.000000
-99.000000
-99.000000
-99.000000
-99.000000
-99.000000
-99.000000
-99.000000
-99.000000
-99.000000
-99.000000
-99.000000
-99.000000
-99.000000
-99.000000
-99.000000
-99.000000
-99.000000
-99.000000
-99.000000
-99.000000
-99.000000
-99.000000
-99.000000
-99.000000
-99.000000
-99.000000
-99.000000
-99.000000
-99.000000
-99.000000
-99.000000
-99.000000
-99.000000
-99.000000
-99.000000
-99.000000
-99.000000
-99.000000
-99.000000
-99.000000
-99.000000
-99.000000
-99.000000
-99.000000
-99.000000
-99.000000
-99.000000
-99.000000
-99.000000
-99.000000
-99.000000
-99.000000
-99.000000
-99.000000
-99.000000
-99.000000
-99.000000
-99.000000
-99.000000
-99.000000
-99.000000
-99.000000
-99.000000
-99.000000
-99.000000
-99.000000
-99.000000
-99.000000
-99.000000
-99.000000
-99.000000
-99.000000
-99.000000
-99.000000
-99.000000
-99.000000
-99.000000
-99.000000
-99.000000
-99.000000
-99.000000
-99.000000
-99.000000
-99.000000
-99.000000
-99.000000
-99.000000
-99.000000
-99.000000
-99.000000
-99.000000
-99.000000
-99.000000
-99.000000
-99.000000
-99.000000
-99.000000
-99.000000
-99.000000
-99.000000
-99.000000
-99.000000
-99.000000
-99.000000
-99.000000
-99.000000
-99.000000
-99.000000
-99.000000
-99.000000
-99.000000
-99.000000
-99.000000
-99.000000
-99.000000
-99.000000
-99.000000
-99.000000
-99.000000
-99.000000
-99.000000
-99.000000
-99.000000
-99.000000
-99.000000
-99.000000
-99.000000
-99.000000
-99.000000
-99.000000
-99.000000
-99.000000
-99.000000
-99.000000
-99.000000
-99.000000
-99.000000
-99.000000
-99.000000
-99.000000
-99.000000
-99.000000
-99.000000
-99.000000
-99.000000
-99.000000
-99.000000
-99.000000
-99.000000
-99.000000
-99.000000
-99.000000
-99.000000
-99.000000
-99.000000
-99.000000
-99.000000
-99.000000
-99.000000
-99.000000
-99.000000
-99.000000
-99.000000
-99.000000
-99.000000
-99.000000
-99.000000
-99.000000
-99.000000
-99.000000
-99.000000
-99.000000
-99.000000
-99.000000
-99.000000
-99.000000
-99.000000
-99.000000
-99.000000
-99.000000
-99.000000
-99.000000
-99.000000
-99.000000
-99.000000
-99.000000
-99.000000
-99.000000
-99.000000
-99.000000
-99.000000
-99.000000
-99.000000
-99.000000
-99.000000
-99.000000
-99.000000
-99.000000
-99.000000
-99.000000
-99.000000
-99.000000
-99.000000
-99.000000
-99.000000
-99.000000
-99.000000
-99.000000
-99.000000
-99.000000
-99.000000
-99.000000
-99.000000
-99.000000
-99.000000
-99.000000
-99.000000
-99.000000
-99.000000
-99.000000
-99.000000
-99.000000
-99.000000
-99.000000
-99.000000
-99.000000
-99.000000
-99.000000
-99.000000
-99.000000
-99.000000
-99.000000
-99.000000
-99.000000
-99.000000
-99.000000
-99.000000
-99.000000
-99.000000
-99.000000
-99.000000
-99.000000
-99.000000
-99.000000
-99.000000
-99.000000
-99.000000
-99.000000
-99.000000
-99.000000
-99.000000
-99.000000
-99.000000
-99.000000
-99.000000
-99.000000
-99.000000
-99.000000
-99.000000
-99.000000
-99.000000
-99.000000
-99.000000
-99.000000
-99.000000
-99.000000
-99.000000
-99.000000
-99.000000
-99.000000
-99.000000
-99.000000
-99.000000
-99.000000
-99.000000
-99.000000
-99.000000
-99.000000
-99.000000
-99.000000
-99.000000
-99.000000
-99.000000
-99.000000
-99.000000
-99.000000
-99.000000
-99.000000
-99.000000
-99.000000
-99.000000
-99.000000
-99.000000
-99.000000
-99.000000
-99.000000
-99.000000
-99.000000
-99.000000
-99.000000
-99.000000
-99.000000
-99.000000
-99.000000
-99.000000
-99.000000
-99.000000
-99.000000
-99.000000
-99.000000
-99.000000
-99.000000
-99.000000
-99.000000
-99.000000
-99.000000
-99.000000
-99.000000
-99.000000
-99.000000
-99.000000
-99.000000
-99.000000
-99.000000
-99.000000
-99.000000
-99.000000
-99.000000
-99.000000
-99.000000
-99.000000
-99.000000
-99.000000
-99.000000
-99.000000
-99.000000
-99.000000
-99.000000
-99.000000
-99.000000
-99.000000
-99.000000
-99.000000
-99.000000
-99.000000
-99.000000
-99.000000
-99.000000
-99.000000
-99.000000
-99.000000
-99.000000
-99.000000
-99.000000
-99.000000
-99.000000
-99.000000
-99.000000
-99.000000
-99.000000
-99.000000
-99.000000
-99.000000
-99.000000
-99.000000
-99.000000
-99.000000
-99.000000
-99.000000
-99.000000
-99.000000
-99.000000
-99.000000
-99.000000
-99.000000
-99.000000
-99.000000
-99.000000
-99.000000
-99.000000
-99.000000
-99.000000
-99.000000
-99.000000
-99.000000
-99.000000
-99.000000
-99.000000
-99.000000
-99.000000
-99.000000
-99.000000
-99.000000
-99.000000
-99.000000
-99.000000
-99.000000
-99.000000
-99.000000
-99.000000
-99.000000
-99.000000
-99.000000
-99.000000
-99.000000
-99.000000
-99.000000
-99.000000
-99.000000
-99.000000
-99.000000
-99.000000
-99.000000
-99.000000
-99.000000
-99.000000
-99.000000
-99.000000
-99.000000
-99.000000
-99.000000
-99.000000
-99.000000
-99.000000
-99.000000
-99.000000
-99.000000
-99.000000
-99.000000
-99.000000
-99.000000
-99.000000
-99.000000
-99.000000
-99.000000
-99.000000
-99.000000
-99.000000
-99.000000
-99.000000
-99.000000
-99.000000
-99.000000
-99.000000
-99.000000
-99.000000
-99.000000
-99.000000
-99.000000
-99.000000
-99.000000
-99.000000
-99.000000
-99.000000
-99.000000
-99.000000
-99.000000
-99.000000
-99.000000
-99.000000
-99.000000
-99.000000
-99.000000
-99.000000
-99.000000
-99.000000
-99.000000
-99.000000
-99.000000
-99.000000
-99.000000
-99.000000
-99.000000
-99.000000
-99.000000
-99.000000
-99.000000
-99.000000
-99.000000
-99.000000
-99.000000
-99.000000
-99.000000
-99.000000
-99.000000
-99.000000
-99.000000
-99.000000
-99.000000
-99.000000
-99.000000
-99.000000
-99.000000
-99.000000
-99.000000
-99.000000
-99.000000
-99.000000
-99.000000
-99.000000
-99.000000
-99.000000
-99.000000
-99.000000
-99.000000
-99.000000
-99.000000
-99.000000
-99.000000
-99.000000
-99.000000
-99.000000
-99.000000
-99.000000
-99.000000
-99.000000
-99.000000
-99.000000
-99.000000
-99.000000
-99.000000
-99.000000
-99.000000
-99.000000
-99.000000
-99.000000
-99.000000
-99.000000
-99.000000
-99.000000
-99.000000
-99.000000
-99.000000
-99.000000
-99.000000
-99.000000
-99.000000
-99.000000
-99.000000
-99.000000
-99.000000
-99.000000
-99.000000
-99.000000
-99.000000
-99.000000
-99.000000
-99.000000
-99.000000
-99.000000
-99.000000
-99.000000
-99.000000
-99.000000
-99.000000
-99.000000
-99.000000
-99.000000
-99.000000
-99.000000
-99.000000
-99.000000
-99.000000
-99.000000
-99.000000
-99.000000
-99.000000
-99.000000
-99.000000
-99.000000
-99.000000
-99.000000
-99.000000
-99.000000
-99.000000
-99.000000
-99.000000
-99.000000
-99.000000
-99.000000
-99.000000
-99.000000
-99.000000
-99.000000
-99.000000
-99.000000
-99.000000
-99.000000
-99.000000
-99.000000
-99.000000
-99.000000
-99.000000
-99.000000
-99.000000
-99.000000
-99.000000
-99.000000
-99.000000
-99.000000
-99.000000
-99.000000
-99.000000
-99.000000
-99.000000
-99.000000
-99.000000
-99.000000
-99.000000
-99.000000
-99.000000
-99.000000
-99.000000
-99.000000
-99.000000
-99.000000
-99.000000
-99.000000
-99.000000
-99.000000
-99.000000
-99.000000
-99.000000
-99.000000
-99.000000
-99.000000
-99.000000
-99.000000
-99.000000
-99.000000
-99.000000
-99.000000
-99.000000
-99.000000
-99.000000
-99.000000
-99.000000
-99.000000
-99.000000
-99.000000
-99.000000
-99.000000
-99.000000
-99.000000
-99.000000
-99.000000
-99.000000
-99.000000
-99.000000
-99.000000
-99.000000
-99.000000
-99.000000
-99.000000
-99.000000
-99.000000
-99.000000
-99.000000
-99.000000
-99.000000
-99.000000
-99.000000
-99.000000
-99.000000
-99.000000
-99.000000
-99.000000
-99.000000
-99.000000
-99.000000
-99.000000
-99.000000
-99.000000
-99.000000
-99.000000
-99.000000
-99.000000
-99.000000
-99.000000
-99.000000
-99.000000
-99.000000
-99.000000
-99.000000
-99.000000
-99.000000
-99.000000
-99.000000
-99.000000
-99.000000
-99.000000
-99.000000
-99.000000
-99.000000
-99.000000
-99.000000
-99.000000
-99.000000
-99.000000
-99.000000
-99.000000
-99.000000
-99.000000
-99.000000
-99.000000
-99.000000
-99.000000
-99.000000
-99.000000
-99.000000
-99.000000
-99.000000
-99.000000
-99.000000
-99.000000
-99.000000
-99.000000
-99.000000
-99.000000
-99.000000
-99.000000
-99.000000
-99.000000
-99.000000
-99.000000
-99.000000
-99.000000
-99.000000
-99.000000
-99.000000
-99.000000
-99.000000
-99.000000
-99.000000
-99.000000
-99.000000
-99.000000
-99.000000
-99.000000
-99.000000
-99.000000
-99.000000
-99.000000
-99.000000
-99.000000
-99.000000
-99.000000
-99.000000
-99.000000
-99.000000
-99.000000
-99.000000
-99.000000
-99.000000
-99.000000
-99.000000
-99.000000
-99.000000
-99.000000
-99.000000
-99.000000
-99.000000
-99.000000
-99.000000
-99.000000
-99.000000
-99.000000
-99.000000
-99.000000
-99.000000
-99.000000
-99.000000
-99.000000
-99.000000
-99.000000
-99.000000
-99.000000
-99.000000
-99.000000
-99.000000
-99.000000
-99.000000
-99.000000
-99.000000
-99.000000
-99.000000
-99.000000
-99.000000
-99.000000
-99.000000
-99.000000
-99.000000
-99.000000
-99.000000
-99.000000
-99.000000
-99.000000
-99.000000
-99.000000
-99.000000
-99.000000
-99.000000
-99.000000
-99.000000
-99.000000
-99.000000
-99.000000
-99.000000
-99.000000
-99.000000
-99.000000
-99.000000
-99.000000
-99.000000
-99.000000
-99.000000
-99.000000
-99.000000
-99.000000
-99.000000
-99.000000
-99.000000
-99.000000
-99.000000
-99.000000
-99.000000
-99.000000
-99.000000
-99.000000
-99.000000
-99.000000
-99.000000
-99.000000
-99.000000
-99.000000
-99.000000
-99.000000
-99.000000
-99.000000
-99.000000
-99.000000
-99.000000
-99.000000
-99.000000
-99.000000
-99.000000
-99.000000
-99.000000
-99.000000
-99.000000
-99.000000
-99.000000
-99.000000
-99.000000
-99.000000
-99.000000
-99.000000
-99.000000
-99.000000
-99.000000
-99.000000
-99.000000
-99.000000
-99.000000
-99.000000
-99.000000
-99.000000
-99.000000
-99.000000
-99.000000
-99.000000
-99.000000
-99.000000
-99.000000
-99.000000
-99.000000
-99.000000
-99.000000
-99.000000
-99.000000
-99.000000
-99.000000
-99.000000
-99.000000
-99.000000
-99.000000
-99.000000
-99.000000
-99.000000
-99.000000
-99.000000
-99.000000
-99.000000
-99.000000
-99.000000
-99.000000
-99.000000
-99.000000
-99.000000
-99.000000
-99.000000
-99.000000
-99.000000
-99.000000
-99.000000
-99.000000
-99.000000
-99.000000
-99.000000
-99.000000
-99.000000
-99.000000
-99.000000
-99.000000
-99.000000
-99.000000
-99.000000
-99.000000
-99.000000
-99.000000
-99.000000
-99.000000
-99.000000
-99.000000
-99.000000
-99.000000
-99.000000
-99.000000
-99.000000
-99.000000
-99.000000
-99.000000
-99.000000
-99.000000
-99.000000
-99.000000
-99.000000
-99.000000
-99.000000
-99.000000
-99.000000
-99.000000
-99.000000
-99.000000
-99.000000
-99.000000
-99.000000
-99.000000
-99.000000
-99.000000
-99.000000
-99.000000
-99.000000
-99.000000
-99.000000
-99.000000
-99.000000
-99.000000
-99.000000
-99.000000
-99.000000
-99.000000
-99.000000
-99.000000
-99.000000
-99.000000
-99.000000
-99.000000
-99.000000
-99.000000
-99.000000
-99.000000
-99.000000
-99.000000
-99.000000
-99.000000
-99.000000
-99.000000
-99.000000
-99.000000
-99.000000
-99.000000
-99.000000
-99.000000
-99.000000
-99.000000
-99.000000
-99.000000
-99.000000
-99.000000
-99.000000
-99.000000
-99.000000
-99.000000
-99.000000
-99.000000
-99.000000
-99.000000
-99.000000
-99.000000
-99.000000
-99.000000
-99.000000
-99.000000
-99.000000
-99.000000
-99.000000
-99.000000
-99.000000
-99.000000
-99.000000
-99.000000
-99.000000
-99.000000
-99.000000
-99.000000
-99.000000
-99.000000
-99.000000
-99.000000
-99.000000
-99.000000
-99.000000
-99.000000
-99.000000
-99.000000
-99.000000
-99.000000
-99.000000
-99.000000
-99.000000
-99.000000
-99.000000
-99.000000
-99.000000
-99.000000
-99.000000
-99.000000
-99.000000
-99.000000
-99.000000
-99.000000
-99.000000
-99.000000
-99.000000
-99.000000
-99.000000
-99.000000
-99.000000
-99.000000
-99.000000
-99.000000
-99.000000
-99.000000
-99.000000
-99.000000
-99.000000
-99.000000
-99.000000
-99.000000
-99.000000
-99.000000
-99.000000
-99.000000
-99.000000
-99.000000
-99.000000
-99.000000
-99.000000
-99.000000
-99.000000
-99.000000
-99.000000
-99.000000
-99.000000
-99.000000
-99.000000
-99.000000
-99.000000
-99.000000
-99.000000
-99.000000
-99.000000
-99.000000
-99.000000
-99.000000
-99.000000
-99.000000
-99.000000
-99.000000
-99.000000
-99.000000
-99.000000
-99.000000
-99.000000
-99.000000
-99.000000
-99.000000
-99.000000
-99.000000
-99.000000
-99.000000
-99.000000
-99.000000
-99.000000
-99.000000
-99.000000
-99.000000
-99.000000
-99.000000
-99.000000
-99.000000
-99.000000
-99.000000
-99.000000
-99.000000
-99.000000
-99.000000
-99.000000
-99.000000
-99.000000
-99.000000
-99.000000
-99.000000
-99.000000
-99.000000
-99.000000
-99.000000
-99.000000
-99.000000
-99.000000
-99.000000
-99.000000
-99.000000
-99.000000
-99.000000
-99.000000
-99.000000
-99.000000
-99.000000
-99.000000
-99.000000
-99.000000
-99.000000
-99.000000
-99.000000
-99.000000
-99.000000
-99.000000
-99.000000
-99.000000
-99.000000
-99.000000
-99.000000
-99.000000
-99.000000
-99.000000
-99.000000
-99.000000
-99.000000
-99.000000
-99.000000
-99.000000
-99.000000
-99.000000
-99.000000
-99.000000
-99.000000
-99.000000
-99.000000
-99.000000
-99.000000
-99.000000
-99.000000
-99.000000
-99.000000
-99.000000
-99.000000
-99.000000
-99.000000
-99.000000
-99.000000
-99.000000
-99.000000
-99.000000
-99.000000
-99.000000
-99.000000
-99.000000
-99.000000
-99.000000
-99.000000
-99.000000
-99.000000
-99.000000
-99.000000
-99.000000
-99.000000
-99.000000
-99.000000
-99.000000
-99.000000
-99.000000
-99.000000
-99.000000
-99.000000
-99.000000
-99.000000
-99.000000
-99.000000
-99.000000
-99.000000
-99.000000
-99.000000
-99.000000
-99.000000
-99.000000
-99.000000
-99.000000
-99.000000
-99.000000
-99.000000
-99.000000
-99.000000
-99.000000
-99.000000
-99.000000
-99.000000
-99.000000
-99.000000
-99.000000
-99.000000
-99.000000
-99.000000
-99.000000
-99.000000
-99.000000
-99.000000
-99.000000
-99.000000
-99.000000
-99.000000
-99.000000
-99.000000
-99.000000
-99.000000
-99.000000
-99.000000
-99.000000
-99.000000
-99.000000
-99.000000
-99.000000
-99.000000
-99.000000
-99.000000
-99.000000
-99.000000
-99.000000
-99.000000
-99.000000
-99.000000
-99.000000
-99.000000
-99.000000
-99.000000
-99.000000
-99.000000
-99.000000
-99.000000
-99.000000
-99.000000
-99.000000
-99.000000
-99.000000
-99.000000
-99.000000
-99.000000
-99.000000
-99.000000
-99.000000
-99.000000
-99.000000
-99.000000
-99.000000
-99.000000
-99.000000
-99.000000
-99.000000
-99.000000
-99.000000
-99.000000
-99.000000
-99.000000
-99.000000
-99.000000
-99.000000
-99.000000
-99.000000
-99.000000
-99.000000
-99.000000
-99.000000
-99.000000
-99.000000
-99.000000
-99.000000
-99.000000
-99.000000
-99.000000
-99.000000
-99.000000
-99.000000
-99.000000
-99.000000
-99.000000
-99.000000
-99.000000
-99.000000
-99.000000
-99.000000
-99.000000
-99.000000
-99.000000
-99.000000
-99.000000
-99.000000
-99.000000
-99.000000
-99.000000
-99.000000
-99.000000
-99.000000
-99.000000
-99.000000
-99.000000
-99.000000
-99.000000
-99.000000
-99.000000
-99.000000
-99.000000
-99.000000
-99.000000
-99.000000
-99.000000
-99.000000
-99.000000
-99.000000
-99.000000
-99.000000
-99.000000
-99.000000
-99.000000
-99.000000
-99.000000
-99.000000
-99.000000
-99.000000
-99.000000
-99.000000
-99.000000
-99.000000
-99.000000
-99.000000
-99.000000
-99.000000
-99.000000
-99.000000
-99.000000
-99.000000
-99.000000
-99.000000
-99.000000
-99.000000
-99.000000
-99.000000
-99.000000
-99.000000
-99.000000
-99.000000
-99.000000
-99.000000
-99.000000
-99.000000
-99.000000
-99.000000
-99.000000
-99.000000
-99.000000
-99.000000
-99.000000
-99.000000
-99.000000
-99.000000
-99.000000
-99.000000
-99.000000
-99.000000
-99.000000
-99.000000
-99.000000
-99.000000
-99.000000
-99.000000
-99.000000
-99.000000
-99.000000
-99.000000
-99.000000
-99.000000
-99.000000
-99.000000
-99.000000
-99.000000
-99.000000
-99.000000
-99.000000
-99.000000
-99.000000
-99.000000
-99.000000
-99.000000
-99.000000
-99.000000
-99.000000
-99.000000
-99.000000
-99.000000
-99.000000
-99.000000
-99.000000
-99.000000
-99.000000
-99.000000
-99.000000
-99.000000
-99.000000
-99.000000
-99.000000
-99.000000
-99.000000
-99.000000
-99.000000
-99.000000
-99.000000
-99.000000
-99.000000
-99.000000
-99.000000
-99.000000
-99.000000
-99.000000
-99.000000
-99.000000
-99.000000
-99.000000
-99.000000
-99.000000
-99.000000
-99.000000
-99.000000
-99.000000
-99.000000
-99.000000
-99.000000
-99.000000
-99.000000
-99.000000
-99.000000
-99.000000
-99.000000
-99.000000
-99.000000
-99.000000
-99.000000
-99.000000
-99.000000
-99.000000
-99.000000
-99.000000
-99.000000
-99.000000
-99.000000
-99.000000
-99.000000
-99.000000
-99.000000
-99.000000
-99.000000
-99.000000
-99.000000
-99.000000
-99.000000
-99.000000
-99.000000
-99.000000
-99.000000
-99.000000
-99.000000
-99.000000
-99.000000
-99.000000
-99.000000
-99.000000
-99.000000
-99.000000
-99.000000
-99.000000
-99.000000
-99.000000
-99.000000
-99.000000
-99.000000
-99.000000
-99.000000
-99.000000
-99.000000
-99.000000
-99.000000
-99.000000
-99.000000
-99.000000
-99.000000
-99.000000
-99.000000
-99.000000
-99.000000
-99.000000
-99.000000
-99.000000
-99.000000
-99.000000
-99.000000
-99.000000
-99.000000
-99.000000
-99.000000
-99.000000
-99.000000
-99.000000
-99.000000
-99.000000
-99.000000
-99.000000
-99.000000
-99.000000
-99.000000
-99.000000
-99.000000
-99.000000
-99.000000
-99.000000
-99.000000
-99.000000
-99.000000
-99.000000
-99.000000
-99.000000
-99.000000
-99.000000
-99.000000
-99.000000
-99.000000
-99.000000
-99.000000
-99.000000
-99.000000
-99.000000
-99.000000
-99.000000
-99.000000
-99.000000
-99.000000
-99.000000
-99.000000
-99.000000
-99.000000
-99.000000
