20000101
-99.000000
-99.000000
-99.000000
-99.000000
-99.000000
-99.000000
-99.000000
-99.000000
-99.000000
-99.000000
-99.000000
-99.000000
-99.000000
-99.000000
-99.000000
-99.000000
-99.000000
-99.000000
-99.000000
-99.000000
-99.000000
-99.000000
-99.000000
-99.000000
-99.000000
-99.000000
-99.000000
-99.000000
-99.000000
-99.000000
-99.000000
-99.000000
-99.000000
-99.000000
-99.000000
-99.000000
-99.000000
-99.000000
-99.000000
-99.000000
-99.000000
-99.000000
-99.000000
-99.000000
-99.000000
-99.000000
-99.000000
-99.000000
-99.000000
-99.000000
-99.000000
-99.000000
-99.000000
-99.000000
-99.000000
-99.000000
-99.000000
-99.000000
-99.000000
-99.000000
-99.000000
-99.000000
-99.000000
-99.000000
-99.000000
-99.000000
-99.000000
-99.000000
-99.000000
-99.000000
-99.000000
-99.000000
-99.000000
-99.000000
-99.000000
-99.000000
-99.000000
-99.000000
-99.000000
-99.000000
-99.000000
-99.000000
-99.000000
-99.000000
-99.000000
-99.000000
-99.000000
-99.000000
-99.000000
-99.000000
-99.000000
-99.000000
-99.000000
-99.000000
-99.000000
-99.000000
-99.000000
-99.000000
-99.000000
-99.000000
-99.000000
-99.000000
-99.000000
-99.000000
-99.000000
-99.000000
-99.000000
-99.000000
-99.000000
-99.000000
-99.000000
-99.000000
-99.000000
-99.000000
-99.000000
-99.000000
-99.000000
-99.000000
-99.000000
-99.000000
-99.000000
-99.000000
-99.000000
-99.000000
-99.000000
-99.000000
-99.000000
-99.000000
-99.000000
-99.000000
-99.000000
-99.000000
-99.000000
-99.000000
-99.000000
-99.000000
-99.000000
-99.000000
-99.000000
-99.000000
-99.000000
-99.000000
-99.000000
-99.000000
-99.000000
-99.000000
-99.000000
-99.000000
-99.000000
-99.000000
-99.000000
-99.000000
-99.000000
-99.000000
-99.000000
-99.000000
-99.000000
-99.000000
-99.000000
-99.000000
-99.000000
-99.000000
-99.000000
-99.000000
-99.000000
-99.000000
-99.000000
-99.000000
-99.000000
-99.000000
-99.000000
-99.000000
-99.000000
-99.000000
-99.000000
-99.000000
-99.000000
-99.000000
-99.000000
-99.000000
-99.000000
-99.000000
-99.000000
-99.000000
-99.000000
-99.000000
-99.000000
-99.000000
-99.000000
-99.000000
-99.000000
-99.000000
-99.000000
-99.000000
-99.000000
-99.000000
-99.000000
-99.000000
-99.000000
-99.000000
-99.000000
-99.000000
-99.000000
-99.000000
-99.000000
-99.000000
-99.000000
-99.000000
-99.000000
-99.000000
-99.000000
-99.000000
-99.000000
-99.000000
-99.000000
-99.000000
-99.000000
-99.000000
-99.000000
-99.000000
-99.000000
-99.000000
-99.000000
-99.000000
-99.000000
-99.000000
-99.000000
-99.000000
-99.000000
-99.000000
-99.000000
-99.000000
-99.000000
-99.000000
-99.000000
-99.000000
-99.000000
-99.000000
-99.000000
-99.000000
-99.000000
-99.000000
-99.000000
-99.000000
-99.000000
-99.000000
-99.000000
-99.000000
-99.000000
-99.000000
-99.000000
-99.000000
-99.000000
-99.000000
-99.000000
-99.000000
-99.000000
-99.000000
-99.000000
-99.000000
-99.000000
-99.000000
-99.000000
-99.000000
-99.000000
-99.000000
-99.000000
-99.000000
-99.000000
-99.000000
-99.000000
-99.000000
-99.000000
-99.000000
-99.000000
-99.000000
-99.000000
-99.000000
-99.000000
-99.000000
-99.000000
-99.000000
-99.000000
-99.000000
-99.000000
-99.000000
-99.000000
-99.000000
-99.000000
-99.000000
-99.000000
-99.000000
-99.000000
-99.000000
-99.000000
-99.000000
-99.000000
-99.000000
-99.000000
-99.000000
-99.000000
-99.000000
-99.000000
-99.000000
-99.000000
-99.000000
-99.000000
-99.000000
-99.000000
-99.000000
-99.000000
-99.000000
-99.000000
-99.000000
-99.000000
-99.000000
-99.000000
-99.000000
-99.000000
-99.000000
-99.000000
-99.000000
-99.000000
-99.000000
-99.000000
-99.000000
-99.000000
-99.000000
-99.000000
-99.000000
-99.000000
-99.000000
-99.000000
-99.000000
-99.000000
-99.000000
-99.000000
-99.000000
-99.000000
-99.000000
-99.000000
-99.000000
-99.000000
-99.000000
-99.000000
-99.000000
-99.000000
-99.000000
-99.000000
-99.000000
-99.000000
-99.000000
-99.000000
-99.000000
-99.000000
-99.000000
-99.000000
-99.000000
-99.000000
-99.000000
-99.000000
-99.000000
-99.000000
-99.000000
-99.000000
-99.000000
-99.000000
-99.000000
-99.000000
-99.000000
-99.000000
-99.000000
-99.000000
-99.000000
-99.000000
-99.000000
-99.000000
-99.000000
-99.000000
-99.000000
-99.000000
-99.000000
-99.000000
-99.000000
-99.000000
-99.000000
-99.000000
-99.000000
-99.000000
-99.000000
-99.000000
-99.000000
-99.000000
-99.000000
-99.000000
-99.000000
-99.000000
-99.000000
-99.000000
-99.000000
-99.000000
-99.000000
-99.000000
-99.000000
-99.000000
-99.000000
-99.000000
-99.000000
-99.000000
-99.000000
-99.000000
-99.000000
-99.000000
-99.000000
-99.000000
-99.000000
-99.000000
-99.000000
-99.000000
-99.000000
-99.000000
-99.000000
-99.000000
-99.000000
-99.000000
-99.000000
-99.000000
-99.000000
-99.000000
-99.000000
-99.000000
-99.000000
-99.000000
-99.000000
-99.000000
-99.000000
-99.000000
-99.000000
-99.000000
-99.000000
-99.000000
-99.000000
-99.000000
-99.000000
-99.000000
-99.000000
-99.000000
-99.000000
-99.000000
-99.000000
-99.000000
-99.000000
-99.000000
-99.000000
-99.000000
-99.000000
-99.000000
-99.000000
-99.000000
-99.000000
-99.000000
-99.000000
-99.000000
-99.000000
-99.000000
-99.000000
-99.000000
-99.000000
-99.000000
-99.000000
-99.000000
-99.000000
-99.000000
-99.000000
-99.000000
-99.000000
-99.000000
-99.000000
-99.000000
-99.000000
-99.000000
-99.000000
-99.000000
-99.000000
-99.000000
-99.000000
-99.000000
-99.000000
-99.000000
-99.000000
-99.000000
-99.000000
-99.000000
-99.000000
-99.000000
3.990240
18.845280
21.137760
19.497600
10.015200
-99.000000
-99.000000
8.290080
9.816480
23.565600
19.162080
10.919520
14.454720
12.162240
14.505120
18.586080
18.984960
19.288800
19.088640
19.497600
19.352160
16.364160
14.657760
14.728320
12.443040
18.925920
19.339200
12.202560
18.498240
19.406880
13.855680
9.871200
19.792800
19.287360
16.565760
19.706400
16.535520
15.884640
13.121280
19.612800
20.376000
5.617440
-99.000000
-99.000000
-99.000000
-99.000000
-99.000000
-99.000000
-99.000000
-99.000000
-99.000000
-99.000000
21.041280
21.650400
18.099360
16.260480
18.414720
19.493280
21.932640
21.782880
15.095520
19.055520
12.814560
15.796800
20.161440
21.287520
11.839680
10.656000
18.030240
12.607200
5.914080
19.677600
22.690080
21.853440
20.397600
14.938560
18.217440
20.001600
20.352960
18.643680
20.769120
19.594080
18.757440
18.413280
16.109280
13.089600
9.763200
17.215200
14.700960
18.633600
11.976480
17.673120
18.000000
20.128320
19.700640
19.350720
18.635040
16.688160
13.507200
18.609120
17.375040
12.024000
13.890240
13.425120
-99.000000
-99.000000
-99.000000
-99.000000
-99.000000
-99.000000
-99.000000
-99.000000
-99.000000
-99.000000
17.075520
18.184320
15.596640
9.999360
17.513280
17.640000
15.962400
15.749280
11.754720
8.006400
13.296960
16.888320
13.754880
10.048320
15.475680
15.360480
3.035520
11.970720
8.850240
9.616320
13.188960
4.276800
13.504320
5.051520
9.151200
13.242240
12.140640
4.400640
7.120800
12.111840
12.633120
13.223520
12.142080
12.241440
6.624000
9.128160
12.237120
12.349440
5.532480
9.535680
10.245600
10.752480
5.873760
11.272320
10.365120
11.342880
8.367840
10.391040
10.196640
6.125760
9.928800
10.424160
9.468000
10.068480
0.502560
8.608320
9.050400
8.520480
8.016480
9.182880
6.184800
9.845280
5.873760
8.681760
8.460000
3.987360
7.320960
8.028000
5.673600
7.423200
5.369760
1.221120
5.317920
7.318080
5.359680
0.897120
3.297600
3.244320
6.170400
5.960160
6.696000
6.030720
7.888320
7.688160
7.332480
6.783840
6.255360
4.036320
5.431680
7.115040
5.412960
6.989760
5.253120
6.588000
5.605920
6.755040
6.683040
6.884640
4.852800
6.377760
5.467680
6.350400
6.428160
6.307200
0.914400
0.826560
6.742080
4.952160
4.357440
5.135040
6.458400
6.032160
5.644800
3.245760
7.371360
7.152480
5.247360
6.567840
7.354080
6.802560
3.288960
0.587520
1.618560
0.640800
1.514880
0.956160
1.992960
6.690240
7.132320
4.201920
6.876000
4.527360
7.048800
7.597440
4.772160
6.890400
4.242240
7.593120
7.908480
8.042400
6.972480
8.148960
8.550720
4.426560
5.731200
3.769920
8.520480
9.027360
8.131680
8.884800
8.923680
6.595200
5.840640
8.814240
10.072800
7.230240
8.435520
7.405920
9.596160
11.289600
10.360800
10.640160
9.020160
10.751040
11.223360
10.899360
4.227840
5.497920
2.695680
4.780800
12.016800
1.810080
-99.000000
-99.000000
-99.000000
-99.000000
-99.000000
-99.000000
-99.000000
-99.000000
-99.000000
8.288640
3.391200
14.184000
13.266720
3.104640
5.839200
5.885280
14.963040
13.298400
15.395040
14.162400
9.871200
12.588480
16.479360
15.940800
13.440960
11.995200
12.699360
13.885920
16.633440
17.038080
16.188480
17.148960
18.554400
9.456480
16.189920
17.010720
13.049280
2.292480
12.448800
16.146720
18.784800
6.998400
1.745280
14.928480
19.608480
16.935840
8.151840
1.674720
16.096320
3.598560
3.244320
6.289920
11.567520
4.121280
7.358400
14.549760
20.810880
18.787680
14.839200
19.509120
22.998240
18.961920
19.697760
18.848160
21.044160
15.575040
13.808160
14.780160
11.221920
21.176640
12.676320
4.675680
12.515040
14.140800
11.064960
10.398240
3.360960
1.876320
9.603360
8.330400
4.468320
22.109760
22.716000
22.629600
21.232800
22.574880
20.021760
18.636480
23.451840
21.208320
18.940320
13.816800
9.046080
23.387040
18.524160
12.922560
13.582080
19.861920
22.847040
22.161600
23.245920
19.687680
22.327200
20.172960
10.342080
10.782720
12.277440
20.112480
4.112640
23.925600
16.035840
23.554080
23.280480
22.903200
23.536800
23.459040
23.424480
23.323680
22.541760
22.595040
19.366560
22.347360
22.219200
22.718880
22.527360
20.640960
20.918880
21.077280
14.247360
14.875200
8.019360
11.545920
15.989760
18.246240
14.048640
19.280160
4.420800
22.547520
18.475200
21.205440
8.415360
20.358720
15.243840
7.479360
5.745600
10.774080
5.376960
17.304480
22.116960
22.534560
21.653280
21.610080
20.511360
21.421440
20.626560
15.033600
20.348640
19.320480
19.136160
18.407520
9.943200
9.109440
9.436320
18.820800
20.129760
19.368000
19.451520
12.297600
17.038080
9.732960
11.995200
11.484000
21.345120
21.453120
20.825280
18.203040
12.710880
19.310400
19.195200
18.997920
18.087840
14.428800
16.136640
6.157440
17.164800
6.942240
10.219680
9.047520
4.413600
18.684000
18.285120
17.487360
12.496320
11.423520
10.392480
13.731840
13.046400
8.961120
13.403520
14.038560
12.751200
13.851360
17.290080
14.460480
7.093440
13.671360
17.098560
16.669440
14.076000
12.402720
10.592640
13.885920
8.591040
5.559840
8.219520
12.650400
15.517440
15.940800
15.076800
13.392000
12.674880
11.053440
10.825920
12.402720
4.056480
11.871360
13.240800
11.767680
12.316320
9.430560
9.705600
1.298880
5.859360
10.523520
8.946720
12.543840
11.959200
10.051200
11.427840
7.200000
11.882880
9.413280
11.422080
10.092960
11.725920
6.600960
6.248160
10.049760
10.133280
10.347840
9.358560
7.662240
8.647200
2.940480
9.276480
8.340480
6.642720
7.202880
9.865440
9.126720
9.169920
9.269280
8.599680
8.480160
6.969600
5.339520
7.616160
5.185440
2.157120
8.087040
6.105600
7.564320
6.929280
2.004480
5.351040
7.653600
5.460480
1.545120
1.974240
7.197120
7.030080
5.833440
3.636000
6.828480
2.809440
5.122080
6.590880
6.732000
2.669760
3.284640
4.307040
5.991840
2.243520
0.892800
4.216320
5.760000
5.742720
2.678400
5.554080
5.915520
2.374560
1.684800
2.190240
2.337120
5.243040
5.323680
3.803040
4.219200
5.859360
5.119200
2.134080
4.779360
5.032800
1.820160
6.088320
3.731040
4.056480
5.771520
2.188800
2.348640
0.410400
4.681440
1.304640
5.109120
5.637600
7.064640
6.999840
7.155360
7.123680
7.158240
6.501600
6.956640
6.131520
3.839040
6.422400
7.251840
7.323840
7.400160
8.637120
8.920800
3.496320
8.262720
8.288640
8.393760
7.699680
7.551360
9.740160
9.338400
8.110080
5.091840
9.141120
9.898560
7.729920
10.016640
9.112320
10.821600
7.695360
3.324960
4.776480
5.882400
6.655680
10.202400
6.412320
9.247680
1.229760
1.386720
5.941440
5.856480
10.991520
5.849280
1.641600
1.072800
6.235200
11.943360
9.031680
10.432800
9.021600
13.140000
12.500640
5.330880
11.822400
12.346560
12.718080
14.653440
13.170240
13.659840
13.381920
10.195200
4.861440
15.364800
16.423200
11.524320
16.172640
16.102080
15.364800
16.020000
15.107040
15.444000
16.594560
15.920640
13.839840
2.662560
8.117280
3.072960
15.482880
13.999680
4.605120
19.729440
19.805760
19.313280
19.559520
18.987840
3.447360
17.616960
11.135520
16.008480
16.666560
19.523520
3.648960
16.205760
14.863680
17.074080
16.833600
10.697760
15.789600
12.980160
18.509760
19.810080
18.905760
18.745920
11.158560
21.621600
21.290400
18.430560
11.592000
19.321920
18.501120
21.692160
18.446400
14.833440
11.514240
15.436800
20.462400
20.548800
16.888320
17.539200
20.420640
9.132480
12.630240
16.555680
16.512480
7.207200
22.173120
21.859200
11.604960
15.992640
20.289600
23.293440
17.203680
7.908480
6.259680
12.528000
18.956160
23.097600
19.192320
20.743200
22.896000
18.324000
15.554880
23.405760
8.915040
17.517600
23.201280
21.741120
21.510720
22.435200
23.127840
23.068800
22.881600
21.127680
17.153280
18.623520
12.471840
14.627520
24.963840
24.613920
23.932800
23.994720
23.292000
12.029760
13.976640
20.952000
12.725280
15.202080
22.034880
22.835520
23.241600
17.017920
11.109600
13.898880
20.494080
18.874080
22.777920
16.816320
9.853920
22.030560
21.831840
21.929760
21.726720
22.360320
18.856800
22.756320
21.641760
22.370400
22.128480
14.326560
20.770560
20.427840
17.258400
13.204800
20.911680
21.012480
14.316480
16.763040
20.157120
17.951040
17.226720
21.706560
21.464640
21.342240
21.336480
20.720160
20.764800
16.076160
16.022880
19.340640
19.572480
19.846080
18.993600
18.024480
18.038880
16.143840
13.216320
9.357120
18.203040
19.140480
12.602880
16.392960
17.475840
17.222400
15.099840
14.798880
16.719840
18.021600
15.069600
19.251360
16.017120
8.363520
13.678560
10.327680
13.906080
8.133120
11.057760
12.539520
5.555520
11.880000
10.690560
17.208000
15.811200
16.922880
15.658560
14.847840
16.554240
16.572960
16.464960
16.087680
15.878880
13.112640
14.666400
12.938400
12.736800
10.591200
13.312800
12.031200
3.324960
10.272960
3.473280
6.972480
12.120480
11.806560
13.403520
5.581440
4.762080
11.278080
13.479840
10.180800
13.007520
11.953440
11.924640
7.601760
5.545440
8.625600
1.124640
5.529600
1.995840
1.686240
4.190400
9.478080
6.832800
4.806720
10.442880
8.504640
11.136960
0.846720
4.308480
5.736960
6.828480
7.299360
1.735200
9.152640
9.234720
9.892800
9.375840
8.932320
8.850240
8.046720
0.938880
2.841120
4.242240
4.589280
5.221440
3.201120
5.634720
4.659840
1.752480
4.573440
7.552800
6.334560
2.972160
3.667680
2.243520
2.448000
6.948000
5.954400
6.264000
4.517280
4.358880
6.036480
4.826880
0.864000
2.810880
1.260000
5.541120
4.616640
5.839200
4.750560
4.452480
6.096960
2.707200
5.872320
6.046560
5.440320
3.369600
5.558400
5.103360
4.407840
3.448800
3.513600
5.474880
5.133600
5.232960
3.828960
3.022560
5.748480
5.816160
4.923360
0.551520
4.688640
5.784480
4.929120
3.696480
6.177600
6.324480
5.991840
5.364000
5.287680
3.381120
5.713920
4.622400
3.997440
5.961600
1.692000
3.149280
4.530240
4.917600
6.402240
5.804640
4.271040
6.868800
4.366080
6.065280
6.053760
5.211360
1.620000
3.564000
5.438880
0.508320
8.049600
7.791840
7.778880
7.980480
7.044480
4.704480
6.294240
3.781440
6.664320
5.400000
6.285600
7.264800
9.842400
10.241280
9.456480
9.858240
10.124640
8.750880
9.787680
0.777600
9.558720
5.558400
5.276160
4.511520
1.123200
8.104320
7.682400
6.812640
2.825280
2.289600
7.551360
8.952480
8.007840
11.528640
12.957120
13.085280
9.933120
8.074080
7.657920
12.468960
10.883520
13.199040
5.523840
9.936000
5.958720
0.699840
7.444800
8.648640
7.500960
12.016800
10.954080
13.088160
11.197440
4.455360
4.641120
17.458560
15.719040
14.423040
14.932800
2.852640
12.985920
2.384640
7.829280
9.684000
17.366400
11.566080
18.015840
17.879040
17.102880
2.462400
2.882880
4.151520
15.884640
14.427360
17.786880
13.344480
18.694080
6.348960
14.428800
1.556640
13.044960
13.811040
17.796960
11.947680
20.901600
5.332320
12.447360
21.041280
21.924000
19.998720
20.302560
16.142400
3.034080
16.564320
16.895520
12.437280
0.820800
11.829600
3.859200
13.936320
16.492320
19.850400
20.645280
9.283680
3.363840
12.333600
20.764800
20.901600
20.846880
22.740480
22.157280
22.975200
22.308480
23.412960
18.849600
13.099680
18.933120
23.578560
19.352160
11.783520
19.188000
19.974240
18.551520
12.755520
11.672640
12.366720
13.472640
20.376000
22.347360
23.532480
23.361120
22.570560
22.502880
23.244480
22.361760
15.289920
13.161600
24.642720
24.429600
14.182560
17.013600
24.200640
24.023520
6.615360
8.507520
18.303840
19.890720
18.285120
10.748160
17.866080
20.676960
23.088960
20.727360
19.908000
22.307040
21.036960
18.372960
20.731680
22.140000
16.155360
17.220960
21.529440
17.965440
16.757280
15.409440
12.180960
18.640800
16.525440
15.269760
22.721760
19.032480
21.951360
20.917440
19.651680
17.074080
16.938720
19.753920
13.269600
13.929120
19.219680
17.160480
18.396000
19.948320
16.839360
18.406080
19.352160
18.375840
14.231520
18.840960
9.223200
11.790720
21.238560
17.183520
20.167200
16.367040
17.429760
20.124000
19.337760
19.424160
20.135520
19.972800
15.255360
13.466880
20.312640
19.457280
17.660160
17.484480
18.816480
14.004000
11.724480
15.890400
17.098560
18.326880
16.904160
9.588960
13.034880
3.935520
13.122720
12.015360
6.674400
15.096960
9.627840
12.284640
8.399520
15.036480
14.889600
14.703840
14.228640
11.704320
15.706080
9.154080
11.031840
15.848640
16.493760
15.798240
14.509440
4.752000
8.134560
15.328800
15.200640
10.955520
16.093440
14.801760
15.032160
12.317760
11.558880
12.244320
12.710880
12.206880
12.430080
12.781440
6.999840
10.918080
10.569600
11.623680
11.328480
13.367520
9.416160
7.822080
9.977760
9.620640
7.463520
10.618560
10.971360
6.426720
5.090400
9.825120
9.997920
11.086560
9.275040
9.165600
8.169120
3.176640
3.997440
8.742240
8.841600
7.836480
8.612640
3.905280
9.573120
7.659360
3.931200
3.068640
7.056000
7.401600
8.016480
7.152480
6.389280
7.784640
7.106400
8.621280
8.969760
7.462080
7.964640
4.072320
7.345440
7.132320
5.538240
7.250400
5.696640
6.383520
5.592960
5.886720
5.755680
6.642720
5.270400
0.630720
6.340320
2.368800
6.658560
5.745600
0.478080
4.543200
1.866240
0.649440
0.904320
0.839520
3.440160
5.941440
3.278880
5.676480
3.598560
2.152800
5.117760
5.506560
4.379040
5.423040
4.669920
5.617440
3.392640
4.489920
6.012000
1.209600
5.031360
2.246400
2.936160
6.445440
6.753600
6.492960
6.369120
6.562080
6.649920
6.680160
6.331680
6.841440
6.654240
5.973120
6.884640
6.795360
6.801120
6.377760
7.014240
7.074720
6.570720
5.261760
6.225120
6.455520
4.894560
7.800480
8.899200
7.956000
7.263360
7.378560
9.247680
8.458560
8.766720
2.368800
9.705600
9.702720
9.024480
9.429120
8.399520
8.988480
8.814240
7.656480
2.691360
1.228320
3.173760
6.112800
10.451520
9.401760
8.566560
8.796960
11.351520
11.809440
11.748960
11.727360
11.360160
10.692000
6.337440
11.931840
5.961600
9.887040
4.010400
8.546400
12.363840
10.491840
12.103200
13.183200
9.912960
8.444160
12.218400
12.912480
14.355360
15.380640
14.929920
14.364000
13.744800
3.371040
14.552640
14.284800
12.877920
10.778400
12.777120
11.878560
15.392160
15.927840
14.666400
3.412800
3.530880
9.594720
4.920480
4.753440
11.106720
13.914720
14.016960
10.408320
11.567520
13.704480
17.229600
3.260160
4.075200
8.510400
9.512640
15.924960
16.375680
2.861280
11.682720
20.041920
17.693280
18.211680
16.378560
18.201600
4.328640
12.136320
20.016000
11.979360
16.728480
11.424960
13.259520
12.349440
18.660960
7.744320
17.280000
20.507040
16.691040
20.436480
18.714240
20.844000
18.725760
9.771840
15.684480
12.324960
19.939680
21.160800
21.284640
21.218400
14.011200
12.926880
17.690400
15.020640
17.272800
19.666080
19.095840
17.416800
3.348000
21.090240
22.106880
21.366720
18.398880
19.255680
12.600000
21.744000
22.227840
22.757760
22.616640
21.710880
21.674880
10.987200
12.669120
16.839360
22.740480
21.277440
19.336320
19.503360
14.971680
21.791520
18.776160
21.962880
21.903840
17.009280
15.861600
10.994400
6.287040
17.494560
14.142240
22.620960
21.867840
20.298240
15.186240
12.977280
20.008800
17.125920
15.582240
21.798720
21.656160
17.190720
13.151520
20.201760
19.733760
11.763360
19.435680
20.275200
13.289760
14.870880
12.108960
12.836160
11.200320
6.937920
17.576640
22.442400
21.458880
19.781280
21.176640
19.582560
20.710080
19.025280
12.844800
19.478880
19.455840
18.433440
17.225280
16.496640
18.596160
9.254880
17.503200
19.427040
19.260000
14.662080
11.387520
13.301280
8.671680
8.712000
21.026880
20.766240
19.769760
19.416960
16.719840
14.346720
13.183200
10.199520
9.404640
19.563840
15.353280
12.710880
13.829760
16.655040
12.699360
7.028640
7.584480
8.566560
13.596480
17.362080
14.869440
16.182720
17.108640
13.115520
3.926880
14.699520
15.730560
17.092800
17.102880
15.157440
15.534720
16.047360
13.730400
10.147680
8.903520
7.659360
5.947200
15.049440
8.445600
14.094720
12.833280
9.794880
15.202080
15.043680
14.104800
4.471200
15.010560
10.998720
14.751360
14.260320
12.306240
11.786400
12.297600
7.729920
10.357920
10.969920
10.774080
3.510720
12.326400
9.817920
9.234720
9.567360
2.463840
3.657600
10.899360
11.905920
-99.000000
-99.000000
0.000000
1.594080
2.959200
4.366080
1.859040
4.396320
9.132480
7.928640
2.013120
8.245440
8.663040
9.336960
10.002240
5.330880
9.704160
7.469280
7.850880
7.253280
5.322240
7.308000
7.024320
3.487680
7.421760
6.711840
7.876800
2.473920
7.068960
8.449920
8.278560
8.372160
1.098720
2.188800
4.724640
4.392000
3.016800
1.074240
4.868640
6.912000
3.870720
5.418720
6.687360
3.667680
6.072480
5.500800
4.451040
2.237760
3.736800
4.308480
5.208480
6.281280
5.778720
6.366240
5.834880
2.327040
4.377600
5.294880
4.731840
6.056640
6.168960
2.211840
5.993280
6.059520
5.931360
2.976480
3.116160
5.496480
5.369760
5.653440
5.418720
4.004640
5.492160
5.556960
5.538240
5.306400
5.361120
5.268960
5.441760
4.991040
3.481920
5.088960
5.626080
4.294080
4.105440
5.114880
5.410080
5.993280
5.896800
1.369440
2.643840
1.324800
3.843360
3.121920
3.251520
6.045120
6.397920
5.686560
4.501440
5.594400
1.997280
5.276160
2.844000
7.043040
6.179040
6.871680
7.531200
8.436960
7.066080
7.090560
5.198400
2.024640
0.613440
1.463040
1.314720
6.135840
8.039520
6.713280
4.691520
6.363360
8.295840
8.896320
8.546400
8.458560
7.685280
7.077600
7.647840
7.990560
6.158880
8.432640
5.803200
4.432320
10.471680
10.333440
7.246080
9.889920
5.725440
10.314720
5.944320
8.108640
10.658880
2.158560
11.279520
11.239200
4.940640
11.452320
11.011680
7.770240
1.870560
12.808800
11.187360
4.393440
8.416800
8.802720
12.810240
13.224960
7.990560
12.774240
11.083680
9.221760
7.524000
2.556000
0.786240
8.157600
11.720160
6.971040
12.535200
13.451040
14.250240
10.503360
10.363680
9.987840
10.850400
11.818080
14.070240
10.792800
13.419360
9.701280
12.853440
14.021280
5.493600
13.122720
13.695840
15.166080
2.363040
17.341920
15.825600
16.529760
14.385600
11.576160
12.288960
11.072160
14.725440
14.008320
8.909280
16.467840
17.323200
9.612000
14.826240
17.320320
16.306560
8.838720
17.676000
17.350560
15.832800
17.703360
15.505920
15.675840
13.704480
17.287200
16.937280
16.894080
7.539840
17.226720
9.135360
18.161280
13.528800
7.515360
17.239680
17.326080
16.080480
14.549760
14.260320
10.406880
16.064640
17.752320
16.283520
16.129440
16.748640
21.179520
20.996640
20.864160
20.416320
20.498400
4.152960
21.039840
21.811680
21.729600
22.487040
20.779200
19.707840
21.198240
20.440800
17.133120
19.442880
18.892800
19.733760
21.071520
20.640960
20.931840
16.755840
12.234240
20.034720
18.335520
16.536960
6.975360
17.009280
16.765920
18.624960
18.967680
18.200160
19.522080
15.890400
14.178240
17.020800
13.929120
15.783840
19.247040
18.554400
18.727200
15.848640
12.661920
17.413920
15.300000
14.227200
18.901440
17.023680
16.128000
9.576000
8.749440
12.792960
19.255680
16.253280
18.669600
18.462240
16.967520
19.188000
18.560160
14.132160
15.707520
15.302880
18.326880
15.428160
14.279040
18.632160
18.004320
17.978400
8.475840
8.012160
6.909120
16.479360
15.660000
17.500320
17.938080
10.802880
17.516160
13.085280
14.286240
6.626880
14.055840
13.520160
6.445440
16.956000
13.154400
16.227360
16.296480
14.883840
17.331840
15.667200
16.606080
6.521760
13.805280
13.835520
16.081920
13.204800
12.467520
7.074720
15.344640
14.204160
7.981920
14.771520
15.291360
15.258240
4.429440
8.223840
9.564480
13.642560
13.799520
13.530240
4.605120
2.620800
2.455200
8.288640
7.656480
12.713760
9.603360
12.299040
11.465280
11.358720
1.127520
2.250720
7.060320
10.869120
13.753440
13.199040
9.571680
11.109600
10.507680
12.278880
10.851840
10.578240
6.531840
10.553760
11.168640
10.344960
9.285120
1.890720
5.785920
5.816160
1.810080
7.221600
10.180800
8.305920
8.565120
7.043040
1.838880
7.578720
7.502400
10.012320
7.832160
8.229600
9.292320
6.540480
7.594560
7.725600
8.298720
6.994080
8.753760
5.669280
4.008960
9.266400
8.775360
3.342240
8.566560
7.689600
4.560480
6.536160
7.351200
7.431840
6.125760
5.040000
6.792480
7.198560
7.017120
2.905920
1.746720
6.776640
6.896160
2.849760
3.663360
4.867200
5.764320
5.666400
2.335680
2.746080
5.757120
2.671200
3.801600
4.852800
5.744160
3.096000
5.417280
4.288320
5.747040
0.175680
4.684320
1.779840
5.535360
5.343840
5.345280
4.563360
3.824640
5.456160
1.959840
4.927680
5.041440
2.063520
4.731840
3.656160
5.401440
2.517120
2.319840
2.658240
5.592960
5.433120
4.027680
4.717440
5.284800
5.191200
5.140800
-99.000000
-99.000000
-99.000000
-99.000000
-99.000000
-99.000000
-99.000000
-99.000000
-99.000000
-99.000000
-99.000000
-99.000000
-99.000000
-99.000000
-99.000000
-99.000000
-99.000000
-99.000000
-99.000000
-99.000000
-99.000000
-99.000000
-99.000000
-99.000000
-99.000000
-99.000000
-99.000000
-99.000000
-99.000000
-99.000000
-99.000000
-99.000000
-99.000000
-99.000000
-99.000000
-99.000000
-99.000000
-99.000000
-99.000000
-99.000000
-99.000000
-99.000000
-99.000000
-99.000000
-99.000000
-99.000000
-99.000000
-99.000000
-99.000000
-99.000000
-99.000000
-99.000000
-99.000000
-99.000000
-99.000000
-99.000000
-99.000000
-99.000000
-99.000000
-99.000000
-99.000000
-99.000000
-99.000000
-99.000000
-99.000000
-99.000000
-99.000000
-99.000000
-99.000000
-99.000000
-99.000000
-99.000000
-99.000000
-99.000000
-99.000000
-99.000000
-99.000000
-99.000000
-99.000000
-99.000000
-99.000000
-99.000000
-99.000000
-99.000000
-99.000000
-99.000000
-99.000000
-99.000000
-99.000000
-99.000000
-99.000000
-99.000000
-99.000000
-99.000000
-99.000000
-99.000000
-99.000000
-99.000000
-99.000000
-99.000000
-99.000000
-99.000000
-99.000000
-99.000000
-99.000000
-99.000000
-99.000000
-99.000000
-99.000000
-99.000000
-99.000000
-99.000000
-99.000000
-99.000000
-99.000000
-99.000000
-99.000000
-99.000000
-99.000000
-99.000000
-99.000000
-99.000000
-99.000000
-99.000000
-99.000000
-99.000000
-99.000000
-99.000000
-99.000000
-99.000000
-99.000000
-99.000000
-99.000000
-99.000000
-99.000000
-99.000000
-99.000000
-99.000000
-99.000000
-99.000000
-99.000000
-99.000000
-99.000000
-99.000000
-99.000000
-99.000000
-99.000000
-99.000000
-99.000000
-99.000000
-99.000000
-99.000000
-99.000000
-99.000000
-99.000000
-99.000000
-99.000000
-99.000000
-99.000000
-99.000000
-99.000000
-99.000000
-99.000000
-99.000000
-99.000000
-99.000000
-99.000000
-99.000000
-99.000000
-99.000000
-99.000000
-99.000000
-99.000000
-99.000000
-99.000000
-99.000000
-99.000000
-99.000000
-99.000000
-99.000000
-99.000000
-99.000000
-99.000000
-99.000000
-99.000000
-99.000000
-99.000000
-99.000000
-99.000000
-99.000000
-99.000000
-99.000000
-99.000000
-99.000000
-99.000000
-99.000000
-99.000000
-99.000000
-99.000000
-99.000000
-99.000000
-99.000000
-99.000000
-99.000000
-99.000000
-99.000000
-99.000000
-99.000000
-99.000000
-99.000000
-99.000000
-99.000000
-99.000000
-99.000000
-99.000000
-99.000000
-99.000000
-99.000000
-99.000000
-99.000000
-99.000000
-99.000000
-99.000000
-99.000000
-99.000000
-99.000000
-99.000000
-99.000000
-99.000000
-99.000000
-99.000000
-99.000000
-99.000000
-99.000000
-99.000000
-99.000000
-99.000000
-99.000000
-99.000000
-99.000000
-99.000000
-99.000000
-99.000000
-99.000000
-99.000000
-99.000000
-99.000000
-99.000000
-99.000000
-99.000000
-99.000000
-99.000000
-99.000000
-99.000000
-99.000000
-99.000000
-99.000000
-99.000000
-99.000000
-99.000000
-99.000000
-99.000000
-99.000000
-99.000000
-99.000000
-99.000000
-99.000000
-99.000000
-99.000000
-99.000000
-99.000000
-99.000000
-99.000000
-99.000000
-99.000000
-99.000000
-99.000000
-99.000000
-99.000000
-99.000000
-99.000000
-99.000000
-99.000000
-99.000000
-99.000000
-99.000000
-99.000000
-99.000000
-99.000000
-99.000000
-99.000000
-99.000000
-99.000000
-99.000000
-99.000000
-99.000000
-99.000000
-99.000000
-99.000000
-99.000000
-99.000000
-99.000000
-99.000000
-99.000000
-99.000000
-99.000000
-99.000000
-99.000000
-99.000000
-99.000000
-99.000000
-99.000000
-99.000000
-99.000000
-99.000000
-99.000000
-99.000000
-99.000000
-99.000000
-99.000000
-99.000000
-99.000000
-99.000000
-99.000000
-99.000000
-99.000000
-99.000000
-99.000000
-99.000000
-99.000000
-99.000000
-99.000000
-99.000000
-99.000000
-99.000000
-99.000000
-99.000000
-99.000000
-99.000000
-99.000000
-99.000000
-99.000000
-99.000000
-99.000000
-99.000000
-99.000000
-99.000000
-99.000000
-99.000000
-99.000000
-99.000000
-99.000000
-99.000000
2.953440
2.383200
0.707040
4.235040
6.024960
6.253920
4.955040
6.372000
6.389280
6.206400
6.102720
6.418080
6.428160
3.546720
2.917440
4.307040
3.880800
5.313600
5.434560
1.497600
4.891680
4.798080
6.245280
7.021440
6.935040
5.021280
5.624640
3.813120
6.672960
6.914880
6.481440
6.436800
6.433920
6.922080
7.791840
7.547040
7.564320
8.256960
8.478720
8.231040
8.578080
7.215840
7.319520
4.799520
2.795040
7.185600
6.295680
9.097920
9.660960
9.810720
10.052640
10.247040
10.192320
6.132960
5.571360
7.079040
6.602400
10.339200
10.019520
6.086880
4.353120
1.749600
1.748160
10.376640
11.838240
12.042720
8.395200
4.800960
8.408160
9.381600
7.655040
11.704320
8.801280
13.255200
11.813760
7.597440
15.096960
15.236640
7.781760
10.454400
7.472160
5.893920
14.652000
10.094400
14.018400
14.784480
10.000800
14.411520
10.798560
7.896960
2.714400
18.028800
8.572320
3.234240
12.228480
16.129440
15.348960
10.578240
9.118080
13.547520
14.695200
14.533920
13.770720
19.759680
14.793120
18.453600
19.837440
19.238400
11.017440
4.789440
15.681600
11.674080
17.706240
3.042720
17.314560
19.739520
11.933280
20.907360
15.785280
5.021280
9.496800
22.042080
11.095200
15.292800
16.227360
21.513600
20.436480
19.846080
22.357440
20.664000
11.495520
22.250880
8.958240
23.191200
22.510080
22.678560
21.166560
14.103360
10.340640
22.573440
18.095040
2.979360
3.378240
8.847360
5.251680
18.989280
17.392320
18.177120
11.975040
10.311840
13.466880
18.780480
21.471840
22.109760
9.727200
21.304800
20.187360
2.861280
17.845920
8.219520
15.632640
21.494880
18.979200
10.294560
5.513760
14.669280
15.393600
16.296480
14.659200
18.053280
6.073920
24.274080
20.820960
13.733280
16.922880
24.500160
11.858400
16.524000
11.168640
19.010880
11.577600
25.191360
25.051680
24.442560
24.207840
25.848000
23.955840
16.784640
20.689920
23.185440
20.946240
24.852960
24.596640
20.579040
21.031200
21.756960
7.223040
24.590880
21.867840
20.269440
8.111520
19.733760
24.014880
23.440320
21.320640
15.891840
13.968000
20.979360
25.079040
19.548000
18.465120
18.823680
24.009120
20.789280
8.216640
24.563520
23.804640
21.362400
21.811680
18.151200
19.660320
22.527360
22.524480
23.159520
23.004000
20.259360
21.967200
22.340160
21.481920
21.333600
21.431520
16.859520
15.236640
22.155840
19.804320
14.199840
20.946240
15.310080
12.555360
21.309120
12.365280
17.089920
20.881440
20.031840
14.654880
19.828800
3.749760
4.125600
18.329760
10.821600
10.702080
18.901440
18.927360
18.964800
19.133280
11.476800
13.731840
16.755840
18.397440
12.468960
15.852960
9.730080
17.510400
18.092160
10.490400
12.864960
12.611520
5.165280
14.832000
13.656960
17.408160
13.527360
10.324800
11.903040
12.234240
12.104640
11.651040
7.473600
4.291200
4.999680
13.122720
7.644960
13.684320
14.748480
14.156640
13.448160
12.276000
9.840960
9.537120
13.982400
14.149440
13.845600
12.710880
2.769120
5.722560
13.049280
10.995840
3.421440
6.320160
10.484640
11.092320
9.311040
6.158880
2.100960
8.190720
10.761120
10.607040
3.386880
7.859520
2.080800
10.602720
11.151360
10.098720
1.614240
1.988640
10.342080
3.800160
7.381440
0.894240
10.228320
2.134080
3.840480
5.644800
7.260480
6.465600
8.431200
8.186400
5.885280
1.922400
6.384960
8.799840
8.706240
8.508960
8.200800
3.284640
8.066880
7.515360
7.364160
2.908800
3.684960
4.364640
7.820640
7.987680
5.369760
5.349600
2.728800
5.087520
6.897600
5.873760
6.043680
4.393440
6.076800
4.052160
2.911680
3.862080
1.694880
4.461120
7.292160
6.740640
6.156000
2.034720
1.494720
1.514880
5.319360
5.116320
4.944960
3.552480
6.631200
6.621120
6.318720
6.105600
5.928480
0.799200
-99.000000
0.905760
1.487520
5.940000
5.532480
4.973760
2.453760
3.133440
6.625440
4.872960
0.970560
5.820480
5.742720
1.883520
1.910880
7.210080
7.466400
7.652160
5.473440
6.095520
4.531680
4.530240
4.767840
4.806720
3.451680
5.279040
-99.000000
-99.000000
-99.000000
-99.000000
-99.000000
-99.000000
4.527360
5.552640
5.447520
0.977760
3.640320
5.027040
2.920320
9.603360
5.808960
6.396480
7.839360
9.145440
9.256320
4.176000
3.872160
10.588320
9.406080
8.549280
5.476320
10.120320
11.023200
11.381760
10.994400
11.606400
11.168640
9.980640
11.429280
11.586240
12.723840
12.335040
12.811680
7.728480
2.175840
5.921280
4.332960
4.530240
11.738880
15.101280
14.680800
14.980320
5.063040
13.269600
7.620480
14.690880
14.892480
14.618880
14.788800
15.629760
15.900480
15.084000
15.583680
16.606080
15.845760
16.558560
16.783200
14.466240
16.843680
16.547040
16.008480
2.410560
7.737120
9.074880
2.399040
9.715680
3.047040
10.566720
18.230400
15.495840
18.302400
3.903840
12.166560
12.490560
6.114240
14.130720
3.706560
9.450720
19.556640
13.589280
11.341440
9.303840
14.965920
15.773760
11.034720
17.912160
21.075840
21.739680
19.103040
15.475680
8.239680
15.888960
8.114400
18.779040
16.390080
21.458880
23.394240
21.509280
16.755840
13.795200
22.993920
21.594240
19.205280
16.976160
17.301600
16.092000
17.274240
9.463680
5.873760
17.748000
24.297120
19.972800
22.654080
24.264000
21.408480
19.140480
17.962560
19.696320
19.599840
16.096320
17.388000
25.564320
22.940640
24.773760
23.529600
18.640800
20.730240
24.747840
23.555520
19.788480
8.765280
16.603200
18.946080
21.150720
21.705120
22.692960
21.562560
24.716160
23.916960
17.857440
20.779200
20.613600
23.800320
23.296320
14.034240
10.664640
24.104160
22.446720
25.457760
19.496160
18.410400
15.757920
21.863520
23.076000
22.043520
16.248960
16.745760
17.268480
23.366880
18.652320
16.056000
11.393280
9.933120
10.730880
9.360000
17.693280
21.754080
22.111200
23.862240
19.046880
23.608800
23.143680
12.432960
24.272640
22.518720
21.013920
22.855680
20.387520
23.037120
23.155200
23.091840
22.439520
20.420640
22.034880
22.629600
19.512000
21.500640
22.606560
15.334560
8.910720
22.124160
21.903840
21.591360
9.708480
16.948800
13.330080
17.940960
20.452320
19.707840
21.314880
21.382560
19.931040
20.756160
20.478240
19.866240
20.875680
20.358720
19.507680
18.744480
19.753920
19.023840
9.354240
16.885440
17.471520
14.328000
13.154400
19.368000
18.888480
16.276320
11.970720
7.426080
6.696000
16.803360
19.140480
18.528480
15.979680
16.948800
17.111520
16.168320
11.370240
13.557600
10.635840
3.463200
15.327360
9.387360
12.882240
14.700960
9.754560
11.462400
12.729600
15.419520
15.492960
14.762880
13.043520
12.470400
9.796320
14.136480
8.785440
11.181600
13.397760
12.912480
12.983040
13.325760
13.481280
12.965760
9.734400
8.183520
8.278560
12.741120
10.268640
13.669920
10.424160
12.540960
12.790080
12.875040
12.918240
11.645280
2.017440
3.183840
1.802880
11.397600
10.543680
7.320960
8.784000
9.787680
9.361440
8.246880
9.836640
7.256160
7.869600
2.973600
8.347680
3.591360
9.470880
9.043200
6.848640
7.369920
8.524800
6.629760
6.405120
5.927040
4.278240
7.742880
8.513280
6.687360
6.225120
6.416640
3.127680
6.802560
6.380640
4.773600
6.878880
6.691680
7.260480
6.727680
4.767840
7.428960
4.592160
6.888960
7.035840
6.870240
3.356640
3.398400
5.202720
2.884320
4.498560
4.980960
5.863680
5.637600
6.226560
6.287040
5.873760
1.172160
2.872800
2.848320
1.710720
5.287680
6.788160
6.420960
1.146240
2.737440
1.969920
1.537920
4.857120
2.148480
6.094080
4.296960
1.962720
4.897440
5.708160
4.420800
4.563360
2.724480
2.512800
1.576800
4.265280
0.843840
2.157120
4.390560
5.693760
5.929920
4.619520
6.734880
5.011200
7.683840
4.291200
2.105280
4.930560
1.051200
4.199040
7.777440
7.737120
5.136480
3.381120
4.148640
8.573760
8.403840
8.347680
5.434560
8.962560
2.819520
9.590400
7.421760
9.804960
2.514240
9.056160
8.831520
10.228320
3.545280
2.730240
9.790560
9.675360
10.532160
4.724640
9.198720
2.717280
1.510560
9.707040
10.330560
2.931840
12.208320
7.921440
8.457120
8.972640
12.844800
7.660800
11.020320
4.960800
6.596640
13.214880
12.042720
0.799200
10.012320
11.537280
14.567040
7.532640
0.668160
12.957120
12.088800
13.335840
4.944960
14.659200
15.626880
15.678720
15.950880
15.078240
12.261600
14.431680
12.700800
7.125120
5.378400
14.855040
10.437120
12.392640
18.862560
18.139680
15.661440
16.073280
17.402400
13.540320
7.584480
15.009120
17.488800
11.678400
18.506880
12.968640
4.968000
6.363360
19.602720
19.768320
18.498240
3.574080
13.864320
8.756640
11.067840
11.551680
19.360800
18.043200
15.841440
19.520640
17.441280
8.989920
8.550720
17.292960
17.231040
15.130080
19.797120
22.070880
20.299680
18.642240
8.652960
4.227840
3.140640
4.289760
14.482080
8.359200
13.069440
21.324960
18.496800
19.771200
20.867040
8.209440
4.798080
11.783520
20.151360
22.855680
22.119840
23.495040
24.292800
24.177600
23.777280
18.118080
24.451200
24.563520
23.862240
22.900320
16.057440
8.722080
23.680800
18.455040
9.538560
9.622080
16.765920
23.510880
23.957280
23.967360
8.256960
22.423680
22.102560
6.765120
14.222880
7.142400
20.877120
21.356640
13.086720
16.326720
24.384960
18.175680
15.351840
15.687360
24.049440
26.019360
24.984000
24.586560
23.719680
24.311520
22.606560
20.191680
18.836640
20.319840
22.750560
21.000960
24.304320
24.102720
14.116320
21.679200
24.166080
23.885280
22.934880
18.806400
22.635360
22.936320
23.037120
23.256000
23.908320
21.677760
22.579200
20.236320
22.989600
21.499200
17.676000
22.731840
14.767200
10.353600
20.331360
20.388960
18.711360
20.391840
21.787200
11.999520
9.812160
20.250720
21.764160
10.889280
15.289920
18.527040
10.692000
20.082240
22.622400
19.566720
14.424480
18.718560
19.291680
11.979360
14.880960
8.647200
14.137920
21.421440
20.142720
19.357920
11.880000
17.159040
20.466720
20.697120
18.721440
15.624000
20.223360
19.856160
16.718400
18.907200
19.473120
10.823040
20.008800
17.857440
7.094880
17.773920
16.781760
16.251840
15.995520
11.226240
10.897920
14.463360
17.991360
17.449920
17.254080
16.100640
17.552160
2.266560
-99.000000
-99.000000
-99.000000
-99.000000
-99.000000
-99.000000
-99.000000
-99.000000
-99.000000
-99.000000
-99.000000
-99.000000
-99.000000
-99.000000
-99.000000
-99.000000
-99.000000
-99.000000
-99.000000
-99.000000
-99.000000
-99.000000
-99.000000
-99.000000
-99.000000
-99.000000
-99.000000
-99.000000
-99.000000
-99.000000
-99.000000
-99.000000
-99.000000
-99.000000
-99.000000
-99.000000
-99.000000
-99.000000
-99.000000
-99.000000
-99.000000
-99.000000
-99.000000
-99.000000
-99.000000
-99.000000
-99.000000
-99.000000
-99.000000
-99.000000
-99.000000
-99.000000
-99.000000
-99.000000
-99.000000
-99.000000
-99.000000
-99.000000
-99.000000
-99.000000
-99.000000
-99.000000
-99.000000
-99.000000
-99.000000
-99.000000
-99.000000
-99.000000
-99.000000
-99.000000
-99.000000
-99.000000
-99.000000
-99.000000
-99.000000
-99.000000
-99.000000
-99.000000
-99.000000
-99.000000
-99.000000
-99.000000
-99.000000
-99.000000
-99.000000
-99.000000
-99.000000
-99.000000
-99.000000
-99.000000
-99.000000
-99.000000
-99.000000
-99.000000
-99.000000
-99.000000
-99.000000
-99.000000
-99.000000
-99.000000
-99.000000
-99.000000
-99.000000
-99.000000
-99.000000
-99.000000
-99.000000
-99.000000
-99.000000
-99.000000
-99.000000
-99.000000
-99.000000
-99.000000
-99.000000
-99.000000
-99.000000
-99.000000
-99.000000
-99.000000
-99.000000
-99.000000
-99.000000
-99.000000
-99.000000
-99.000000
-99.000000
-99.000000
-99.000000
-99.000000
-99.000000
-99.000000
-99.000000
-99.000000
-99.000000
-99.000000
-99.000000
-99.000000
-99.000000
-99.000000
-99.000000
-99.000000
-99.000000
-99.000000
-99.000000
-99.000000
-99.000000
-99.000000
-99.000000
-99.000000
-99.000000
-99.000000
-99.000000
-99.000000
-99.000000
-99.000000
-99.000000
-99.000000
-99.000000
-99.000000
-99.000000
-99.000000
-99.000000
-99.000000
-99.000000
-99.000000
-99.000000
-99.000000
-99.000000
-99.000000
-99.000000
-99.000000
-99.000000
-99.000000
-99.000000
-99.000000
-99.000000
-99.000000
-99.000000
-99.000000
-99.000000
-99.000000
-99.000000
-99.000000
-99.000000
-99.000000
-99.000000
-99.000000
-99.000000
-99.000000
-99.000000
-99.000000
-99.000000
-99.000000
-99.000000
-99.000000
-99.000000
-99.000000
-99.000000
-99.000000
-99.000000
-99.000000
-99.000000
-99.000000
-99.000000
-99.000000
-99.000000
-99.000000
-99.000000
-99.000000
-99.000000
-99.000000
-99.000000
-99.000000
-99.000000
-99.000000
-99.000000
-99.000000
-99.000000
-99.000000
-99.000000
-99.000000
-99.000000
-99.000000
-99.000000
-99.000000
-99.000000
-99.000000
-99.000000
-99.000000
-99.000000
-99.000000
-99.000000
-99.000000
-99.000000
-99.000000
-99.000000
-99.000000
-99.000000
-99.000000
-99.000000
-99.000000
-99.000000
-99.000000
-99.000000
-99.000000
-99.000000
-99.000000
-99.000000
-99.000000
-99.000000
-99.000000
-99.000000
-99.000000
-99.000000
-99.000000
-99.000000
-99.000000
-99.000000
-99.000000
-99.000000
-99.000000
-99.000000
-99.000000
-99.000000
-99.000000
-99.000000
-99.000000
-99.000000
-99.000000
-99.000000
-99.000000
-99.000000
-99.000000
-99.000000
-99.000000
-99.000000
-99.000000
-99.000000
-99.000000
-99.000000
-99.000000
-99.000000
-99.000000
-99.000000
-99.000000
-99.000000
-99.000000
-99.000000
-99.000000
-99.000000
-99.000000
-99.000000
-99.000000
-99.000000
-99.000000
-99.000000
-99.000000
-99.000000
-99.000000
-99.000000
-99.000000
-99.000000
-99.000000
-99.000000
-99.000000
-99.000000
-99.000000
-99.000000
-99.000000
-99.000000
-99.000000
-99.000000
-99.000000
-99.000000
-99.000000
-99.000000
-99.000000
-99.000000
-99.000000
-99.000000
-99.000000
-99.000000
-99.000000
-99.000000
-99.000000
-99.000000
-99.000000
-99.000000
-99.000000
-99.000000
-99.000000
-99.000000
-99.000000
-99.000000
-99.000000
-99.000000
-99.000000
-99.000000
-99.000000
-99.000000
-99.000000
-99.000000
-99.000000
-99.000000
-99.000000
-99.000000
-99.000000
-99.000000
-99.000000
-99.000000
-99.000000
-99.000000
-99.000000
-99.000000
-99.000000
-99.000000
-99.000000
-99.000000
-99.000000
-99.000000
-99.000000
-99.000000
-99.000000
-99.000000
-99.000000
-99.000000
-99.000000
-99.000000
-99.000000
-99.000000
-99.000000
-99.000000
-99.000000
-99.000000
-99.000000
-99.000000
-99.000000
-99.000000
-99.000000
-99.000000
-99.000000
-99.000000
-99.000000
-99.000000
-99.000000
-99.000000
-99.000000
-99.000000
-99.000000
-99.000000
-99.000000
-99.000000
-99.000000
-99.000000
-99.000000
-99.000000
-99.000000
-99.000000
-99.000000
-99.000000
-99.000000
-99.000000
-99.000000
-99.000000
-99.000000
-99.000000
-99.000000
-99.000000
-99.000000
-99.000000
-99.000000
-99.000000
-99.000000
-99.000000
-99.000000
-99.000000
-99.000000
-99.000000
-99.000000
-99.000000
-99.000000
-99.000000
-99.000000
-99.000000
-99.000000
-99.000000
-99.000000
-99.000000
-99.000000
-99.000000
-99.000000
-99.000000
-99.000000
-99.000000
-99.000000
-99.000000
-99.000000
-99.000000
-99.000000
-99.000000
-99.000000
-99.000000
-99.000000
-99.000000
-99.000000
-99.000000
-99.000000
-99.000000
-99.000000
-99.000000
-99.000000
-99.000000
-99.000000
-99.000000
-99.000000
-99.000000
-99.000000
-99.000000
-99.000000
-99.000000
-99.000000
-99.000000
-99.000000
-99.000000
-99.000000
-99.000000
-99.000000
-99.000000
-99.000000
-99.000000
-99.000000
-99.000000
-99.000000
-99.000000
-99.000000
-99.000000
-99.000000
-99.000000
-99.000000
-99.000000
-99.000000
-99.000000
-99.000000
-99.000000
-99.000000
-99.000000
-99.000000
-99.000000
-99.000000
-99.000000
-99.000000
-99.000000
-99.000000
-99.000000
-99.000000
-99.000000
-99.000000
-99.000000
-99.000000
-99.000000
-99.000000
-99.000000
-99.000000
-99.000000
-99.000000
-99.000000
-99.000000
-99.000000
-99.000000
-99.000000
-99.000000
-99.000000
-99.000000
-99.000000
-99.000000
-99.000000
-99.000000
-99.000000
-99.000000
-99.000000
-99.000000
-99.000000
-99.000000
-99.000000
-99.000000
-99.000000
-99.000000
-99.000000
-99.000000
-99.000000
-99.000000
-99.000000
-99.000000
-99.000000
-99.000000
-99.000000
-99.000000
-99.000000
-99.000000
-99.000000
-99.000000
-99.000000
-99.000000
-99.000000
-99.000000
-99.000000
-99.000000
-99.000000
-99.000000
-99.000000
-99.000000
-99.000000
-99.000000
-99.000000
-99.000000
-99.000000
-99.000000
-99.000000
-99.000000
-99.000000
-99.000000
-99.000000
-99.000000
-99.000000
-99.000000
-99.000000
-99.000000
-99.000000
-99.000000
-99.000000
-99.000000
-99.000000
-99.000000
-99.000000
-99.000000
-99.000000
-99.000000
-99.000000
-99.000000
-99.000000
-99.000000
-99.000000
-99.000000
-99.000000
-99.000000
-99.000000
-99.000000
-99.000000
-99.000000
-99.000000
-99.000000
-99.000000
-99.000000
-99.000000
-99.000000
-99.000000
-99.000000
-99.000000
-99.000000
-99.000000
-99.000000
-99.000000
-99.000000
-99.000000
-99.000000
-99.000000
-99.000000
-99.000000
-99.000000
-99.000000
-99.000000
-99.000000
-99.000000
-99.000000
-99.000000
-99.000000
-99.000000
-99.000000
-99.000000
-99.000000
-99.000000
-99.000000
-99.000000
-99.000000
-99.000000
-99.000000
-99.000000
-99.000000
-99.000000
-99.000000
-99.000000
-99.000000
-99.000000
-99.000000
-99.000000
-99.000000
-99.000000
-99.000000
-99.000000
-99.000000
-99.000000
-99.000000
-99.000000
-99.000000
-99.000000
-99.000000
-99.000000
-99.000000
-99.000000
-99.000000
-99.000000
-99.000000
-99.000000
-99.000000
-99.000000
-99.000000
-99.000000
-99.000000
-99.000000
-99.000000
-99.000000
-99.000000
-99.000000
-99.000000
-99.000000
-99.000000
-99.000000
-99.000000
-99.000000
-99.000000
-99.000000
-99.000000
-99.000000
-99.000000
-99.000000
-99.000000
-99.000000
-99.000000
-99.000000
-99.000000
-99.000000
-99.000000
-99.000000
-99.000000
-99.000000
-99.000000
-99.000000
-99.000000
-99.000000
-99.000000
-99.000000
-99.000000
-99.000000
-99.000000
-99.000000
-99.000000
-99.000000
-99.000000
-99.000000
-99.000000
-99.000000
-99.000000
-99.000000
-99.000000
-99.000000
-99.000000
-99.000000
-99.000000
-99.000000
-99.000000
-99.000000
-99.000000
-99.000000
-99.000000
-99.000000
-99.000000
-99.000000
-99.000000
-99.000000
-99.000000
-99.000000
-99.000000
-99.000000
-99.000000
-99.000000
-99.000000
-99.000000
-99.000000
-99.000000
-99.000000
-99.000000
-99.000000
-99.000000
-99.000000
-99.000000
-99.000000
-99.000000
-99.000000
-99.000000
-99.000000
-99.000000
-99.000000
-99.000000
-99.000000
-99.000000
-99.000000
-99.000000
-99.000000
-99.000000
-99.000000
-99.000000
-99.000000
-99.000000
-99.000000
-99.000000
-99.000000
-99.000000
-99.000000
-99.000000
-99.000000
-99.000000
-99.000000
-99.000000
-99.000000
-99.000000
-99.000000
-99.000000
-99.000000
-99.000000
-99.000000
-99.000000
-99.000000
-99.000000
-99.000000
-99.000000
-99.000000
-99.000000
-99.000000
-99.000000
-99.000000
-99.000000
-99.000000
-99.000000
-99.000000
-99.000000
-99.000000
-99.000000
-99.000000
-99.000000
-99.000000
-99.000000
-99.000000
-99.000000
-99.000000
-99.000000
-99.000000
-99.000000
-99.000000
-99.000000
-99.000000
-99.000000
-99.000000
-99.000000
-99.000000
-99.000000
-99.000000
-99.000000
-99.000000
-99.000000
-99.000000
-99.000000
-99.000000
-99.000000
-99.000000
-99.000000
-99.000000
-99.000000
-99.000000
-99.000000
-99.000000
-99.000000
-99.000000
-99.000000
-99.000000
-99.000000
-99.000000
-99.000000
-99.000000
-99.000000
-99.000000
-99.000000
-99.000000
-99.000000
-99.000000
-99.000000
-99.000000
-99.000000
-99.000000
-99.000000
-99.000000
-99.000000
-99.000000
-99.000000
-99.000000
-99.000000
-99.000000
-99.000000
-99.000000
-99.000000
-99.000000
-99.000000
-99.000000
-99.000000
-99.000000
-99.000000
-99.000000
-99.000000
-99.000000
-99.000000
-99.000000
-99.000000
-99.000000
-99.000000
-99.000000
-99.000000
-99.000000
-99.000000
-99.000000
-99.000000
-99.000000
-99.000000
-99.000000
-99.000000
-99.000000
-99.000000
-99.000000
-99.000000
-99.000000
-99.000000
-99.000000
-99.000000
-99.000000
-99.000000
-99.000000
-99.000000
-99.000000
-99.000000
-99.000000
-99.000000
-99.000000
-99.000000
-99.000000
-99.000000
-99.000000
-99.000000
-99.000000
-99.000000
-99.000000
-99.000000
-99.000000
-99.000000
-99.000000
-99.000000
-99.000000
-99.000000
-99.000000
-99.000000
-99.000000
-99.000000
-99.000000
-99.000000
-99.000000
-99.000000
-99.000000
-99.000000
-99.000000
-99.000000
-99.000000
-99.000000
-99.000000
-99.000000
-99.000000
-99.000000
-99.000000
-99.000000
-99.000000
-99.000000
-99.000000
-99.000000
-99.000000
-99.000000
-99.000000
-99.000000
-99.000000
-99.000000
-99.000000
-99.000000
-99.000000
-99.000000
-99.000000
-99.000000
-99.000000
-99.000000
-99.000000
-99.000000
-99.000000
-99.000000
-99.000000
-99.000000
-99.000000
-99.000000
-99.000000
-99.000000
-99.000000
-99.000000
-99.000000
-99.000000
-99.000000
-99.000000
-99.000000
-99.000000
-99.000000
-99.000000
-99.000000
-99.000000
-99.000000
-99.000000
-99.000000
-99.000000
-99.000000
-99.000000
-99.000000
-99.000000
-99.000000
-99.000000
-99.000000
-99.000000
-99.000000
-99.000000
-99.000000
-99.000000
-99.000000
-99.000000
-99.000000
-99.000000
-99.000000
-99.000000
-99.000000
-99.000000
-99.000000
-99.000000
-99.000000
-99.000000
-99.000000
-99.000000
-99.000000
-99.000000
-99.000000
-99.000000
-99.000000
-99.000000
-99.000000
-99.000000
-99.000000
-99.000000
-99.000000
-99.000000
-99.000000
-99.000000
-99.000000
-99.000000
-99.000000
-99.000000
-99.000000
-99.000000
-99.000000
-99.000000
-99.000000
-99.000000
-99.000000
-99.000000
-99.000000
-99.000000
-99.000000
-99.000000
-99.000000
-99.000000
-99.000000
-99.000000
-99.000000
-99.000000
-99.000000
-99.000000
-99.000000
-99.000000
-99.000000
-99.000000
-99.000000
-99.000000
-99.000000
-99.000000
-99.000000
-99.000000
-99.000000
-99.000000
-99.000000
-99.000000
-99.000000
-99.000000
-99.000000
-99.000000
-99.000000
-99.000000
-99.000000
-99.000000
-99.000000
-99.000000
-99.000000
-99.000000
-99.000000
-99.000000
-99.000000
-99.000000
-99.000000
-99.000000
-99.000000
-99.000000
-99.000000
-99.000000
-99.000000
-99.000000
-99.000000
-99.000000
-99.000000
-99.000000
-99.000000
-99.000000
-99.000000
-99.000000
-99.000000
-99.000000
-99.000000
-99.000000
-99.000000
-99.000000
-99.000000
-99.000000
-99.000000
-99.000000
-99.000000
-99.000000
-99.000000
-99.000000
-99.000000
-99.000000
-99.000000
-99.000000
-99.000000
-99.000000
-99.000000
-99.000000
-99.000000
-99.000000
-99.000000
-99.000000
-99.000000
-99.000000
-99.000000
-99.000000
-99.000000
-99.000000
-99.000000
-99.000000
-99.000000
-99.000000
-99.000000
-99.000000
-99.000000
-99.000000
-99.000000
-99.000000
-99.000000
-99.000000
-99.000000
-99.000000
-99.000000
-99.000000
-99.000000
-99.000000
-99.000000
-99.000000
-99.000000
-99.000000
-99.000000
-99.000000
-99.000000
-99.000000
-99.000000
-99.000000
-99.000000
-99.000000
-99.000000
-99.000000
-99.000000
-99.000000
-99.000000
-99.000000
-99.000000
-99.000000
-99.000000
-99.000000
-99.000000
-99.000000
-99.000000
-99.000000
-99.000000
-99.000000
-99.000000
-99.000000
-99.000000
-99.000000
-99.000000
-99.000000
-99.000000
-99.000000
-99.000000
-99.000000
-99.000000
-99.000000
-99.000000
-99.000000
-99.000000
-99.000000
-99.000000
-99.000000
-99.000000
-99.000000
-99.000000
-99.000000
-99.000000
-99.000000
-99.000000
-99.000000
-99.000000
-99.000000
-99.000000
-99.000000
-99.000000
-99.000000
-99.000000
-99.000000
-99.000000
-99.000000
-99.000000
-99.000000
-99.000000
-99.000000
-99.000000
-99.000000
-99.000000
-99.000000
-99.000000
-99.000000
-99.000000
-99.000000
-99.000000
-99.000000
-99.000000
-99.000000
-99.000000
-99.000000
-99.000000
-99.000000
-99.000000
-99.000000
-99.000000
-99.000000
-99.000000
-99.000000
-99.000000
-99.000000
-99.000000
-99.000000
-99.000000
-99.000000
-99.000000
-99.000000
-99.000000
-99.000000
-99.000000
-99.000000
-99.000000
-99.000000
-99.000000
-99.000000
-99.000000
-99.000000
-99.000000
-99.000000
-99.000000
-99.000000
-99.000000
-99.000000
-99.000000
-99.000000
-99.000000
-99.000000
-99.000000
-99.000000
-99.000000
-99.000000
-99.000000
-99.000000
-99.000000
-99.000000
-99.000000
-99.000000
-99.000000
-99.000000
-99.000000
-99.000000
-99.000000
-99.000000
-99.000000
-99.000000
-99.000000
-99.000000
-99.000000
-99.000000
-99.000000
-99.000000
-99.000000
-99.000000
-99.000000
-99.000000
-99.000000
-99.000000
-99.000000
-99.000000
-99.000000
-99.000000
-99.000000
-99.000000
-99.000000
-99.000000
-99.000000
-99.000000
-99.000000
-99.000000
-99.000000
-99.000000
-99.000000
-99.000000
-99.000000
-99.000000
-99.000000
-99.000000
-99.000000
-99.000000
-99.000000
-99.000000
-99.000000
-99.000000
-99.000000
-99.000000
-99.000000
-99.000000
-99.000000
-99.000000
-99.000000
-99.000000
-99.000000
-99.000000
-99.000000
-99.000000
-99.000000
-99.000000
-99.000000
-99.000000
-99.000000
-99.000000
-99.000000
-99.000000
-99.000000
-99.000000
-99.000000
-99.000000
-99.000000
-99.000000
-99.000000
-99.000000
-99.000000
-99.000000
-99.000000
-99.000000
-99.000000
-99.000000
-99.000000
-99.000000
-99.000000
-99.000000
-99.000000
-99.000000
-99.000000
-99.000000
-99.000000
-99.000000
-99.000000
-99.000000
-99.000000
-99.000000
-99.000000
-99.000000
-99.000000
-99.000000
-99.000000
-99.000000
-99.000000
-99.000000
-99.000000
-99.000000
-99.000000
-99.000000
-99.000000
-99.000000
-99.000000
-99.000000
-99.000000
-99.000000
-99.000000
-99.000000
-99.000000
-99.000000
-99.000000
-99.000000
-99.000000
-99.000000
-99.000000
-99.000000
-99.000000
-99.000000
-99.000000
-99.000000
-99.000000
-99.000000
-99.000000
-99.000000
-99.000000
-99.000000
-99.000000
-99.000000
-99.000000
-99.000000
-99.000000
-99.000000
-99.000000
-99.000000
-99.000000
-99.000000
-99.000000
-99.000000
-99.000000
-99.000000
-99.000000
-99.000000
-99.000000
-99.000000
-99.000000
-99.000000
-99.000000
-99.000000
-99.000000
-99.000000
-99.000000
-99.000000
-99.000000
-99.000000
-99.000000
-99.000000
-99.000000
-99.000000
-99.000000
-99.000000
-99.000000
-99.000000
-99.000000
-99.000000
-99.000000
-99.000000
-99.000000
-99.000000
-99.000000
-99.000000
-99.000000
-99.000000
-99.000000
-99.000000
-99.000000
-99.000000
-99.000000
-99.000000
-99.000000
-99.000000
-99.000000
-99.000000
-99.000000
-99.000000
-99.000000
-99.000000
-99.000000
-99.000000
-99.000000
-99.000000
-99.000000
-99.000000
-99.000000
-99.000000
-99.000000
-99.000000
-99.000000
-99.000000
-99.000000
-99.000000
-99.000000
-99.000000
-99.000000
-99.000000
-99.000000
-99.000000
-99.000000
-99.000000
-99.000000
-99.000000
-99.000000
-99.000000
-99.000000
-99.000000
-99.000000
-99.000000
-99.000000
-99.000000
-99.000000
-99.000000
-99.000000
-99.000000
-99.000000
-99.000000
-99.000000
-99.000000
-99.000000
-99.000000
-99.000000
-99.000000
-99.000000
-99.000000
-99.000000
-99.000000
-99.000000
-99.000000
-99.000000
-99.000000
-99.000000
-99.000000
-99.000000
-99.000000
-99.000000
-99.000000
-99.000000
-99.000000
-99.000000
-99.000000
-99.000000
-99.000000
-99.000000
-99.000000
-99.000000
-99.000000
-99.000000
-99.000000
-99.000000
-99.000000
-99.000000
-99.000000
-99.000000
-99.000000
-99.000000
-99.000000
-99.000000
-99.000000
-99.000000
-99.000000
-99.000000
-99.000000
-99.000000
-99.000000
-99.000000
-99.000000
-99.000000
-99.000000
-99.000000
-99.000000
-99.000000
-99.000000
-99.000000
-99.000000
-99.000000
-99.000000
-99.000000
-99.000000
-99.000000
-99.000000
-99.000000
-99.000000
-99.000000
-99.000000
-99.000000
-99.000000
-99.000000
-99.000000
-99.000000
-99.000000
-99.000000
-99.000000
-99.000000
-99.000000
-99.000000
-99.000000
-99.000000
-99.000000
-99.000000
-99.000000
-99.000000
-99.000000
-99.000000
-99.000000
-99.000000
-99.000000
-99.000000
-99.000000
-99.000000
-99.000000
-99.000000
-99.000000
-99.000000
-99.000000
-99.000000
-99.000000
-99.000000
-99.000000
-99.000000
-99.000000
-99.000000
-99.000000
-99.000000
-99.000000
-99.000000
-99.000000
-99.000000
-99.000000
-99.000000
-99.000000
-99.000000
-99.000000
-99.000000
-99.000000
-99.000000
-99.000000
-99.000000
-99.000000
-99.000000
-99.000000
-99.000000
-99.000000
-99.000000
-99.000000
-99.000000
-99.000000
-99.000000
-99.000000
-99.000000
-99.000000
-99.000000
-99.000000
-99.000000
-99.000000
-99.000000
-99.000000
-99.000000
-99.000000
-99.000000
-99.000000
-99.000000
-99.000000
-99.000000
-99.000000
-99.000000
-99.000000
-99.000000
-99.000000
-99.000000
-99.000000
-99.000000
-99.000000
-99.000000
-99.000000
-99.000000
-99.000000
-99.000000
-99.000000
-99.000000
-99.000000
-99.000000
-99.000000
-99.000000
-99.000000
-99.000000
-99.000000
-99.000000
-99.000000
-99.000000
-99.000000
-99.000000
-99.000000
-99.000000
-99.000000
-99.000000
-99.000000
-99.000000
-99.000000
-99.000000
-99.000000
-99.000000
-99.000000
-99.000000
-99.000000
-99.000000
-99.000000
-99.000000
-99.000000
-99.000000
-99.000000
-99.000000
-99.000000
-99.000000
-99.000000
-99.000000
-99.000000
-99.000000
-99.000000
-99.000000
-99.000000
-99.000000
-99.000000
-99.000000
-99.000000
-99.000000
-99.000000
-99.000000
-99.000000
-99.000000
-99.000000
-99.000000
-99.000000
-99.000000
-99.000000
-99.000000
-99.000000
-99.000000
-99.000000
-99.000000
-99.000000
-99.000000
-99.000000
-99.000000
-99.000000
-99.000000
-99.000000
-99.000000
-99.000000
-99.000000
-99.000000
-99.000000
-99.000000
-99.000000
-99.000000
-99.000000
-99.000000
-99.000000
-99.000000
-99.000000
-99.000000
-99.000000
-99.000000
-99.000000
-99.000000
-99.000000
-99.000000
-99.000000
-99.000000
-99.000000
-99.000000
-99.000000
-99.000000
-99.000000
-99.000000
-99.000000
-99.000000
-99.000000
-99.000000
-99.000000
-99.000000
-99.000000
-99.000000
-99.000000
-99.000000
-99.000000
-99.000000
-99.000000
-99.000000
-99.000000
-99.000000
-99.000000
-99.000000
-99.000000
-99.000000
-99.000000
-99.000000
-99.000000
-99.000000
-99.000000
-99.000000
-99.000000
-99.000000
-99.000000
-99.000000
-99.000000
-99.000000
-99.000000
-99.000000
-99.000000
-99.000000
-99.000000
-99.000000
-99.000000
-99.000000
-99.000000
-99.000000
-99.000000
-99.000000
-99.000000
-99.000000
-99.000000
-99.000000
-99.000000
-99.000000
-99.000000
-99.000000
-99.000000
-99.000000
-99.000000
-99.000000
-99.000000
-99.000000
-99.000000
-99.000000
-99.000000
-99.000000
-99.000000
-99.000000
-99.000000
-99.000000
-99.000000
-99.000000
-99.000000
-99.000000
-99.000000
-99.000000
-99.000000
-99.000000
-99.000000
-99.000000
-99.000000
-99.000000
-99.000000
-99.000000
-99.000000
-99.000000
-99.000000
-99.000000
-99.000000
-99.000000
-99.000000
-99.000000
-99.000000
-99.000000
-99.000000
-99.000000
-99.000000
-99.000000
-99.000000
-99.000000
-99.000000
-99.000000
-99.000000
-99.000000
-99.000000
-99.000000
-99.000000
-99.000000
-99.000000
-99.000000
-99.000000
-99.000000
-99.000000
-99.000000
-99.000000
-99.000000
-99.000000
-99.000000
-99.000000
-99.000000
-99.000000
-99.000000
-99.000000
-99.000000
-99.000000
-99.000000
-99.000000
-99.000000
-99.000000
-99.000000
-99.000000
-99.000000
-99.000000
-99.000000
-99.000000
-99.000000
-99.000000
-99.000000
-99.000000
-99.000000
-99.000000
-99.000000
-99.000000
-99.000000
-99.000000
-99.000000
-99.000000
-99.000000
-99.000000
-99.000000
-99.000000
-99.000000
-99.000000
-99.000000
-99.000000
-99.000000
-99.000000
-99.000000
-99.000000
-99.000000
-99.000000
-99.000000
-99.000000
-99.000000
-99.000000
-99.000000
-99.000000
-99.000000
-99.000000
-99.000000
-99.000000
-99.000000
-99.000000
-99.000000
-99.000000
-99.000000
-99.000000
-99.000000
-99.000000
-99.000000
-99.000000
-99.000000
-99.000000
-99.000000
-99.000000
-99.000000
-99.000000
-99.000000
-99.000000
-99.000000
-99.000000
-99.000000
-99.000000
-99.000000
-99.000000
-99.000000
-99.000000
-99.000000
-99.000000
-99.000000
-99.000000
-99.000000
-99.000000
-99.000000
-99.000000
-99.000000
-99.000000
-99.000000
-99.000000
-99.000000
-99.000000
-99.000000
-99.000000
-99.000000
-99.000000
-99.000000
-99.000000
-99.000000
-99.000000
-99.000000
-99.000000
-99.000000
-99.000000
-99.000000
-99.000000
-99.000000
-99.000000
-99.000000
-99.000000
-99.000000
-99.000000
-99.000000
-99.000000
-99.000000
-99.000000
-99.000000
-99.000000
-99.000000
-99.000000
-99.000000
-99.000000
-99.000000
-99.000000
-99.000000
-99.000000
-99.000000
-99.000000
-99.000000
-99.000000
-99.000000
-99.000000
-99.000000
-99.000000
-99.000000
-99.000000
-99.000000
-99.000000
-99.000000
-99.000000
-99.000000
-99.000000
-99.000000
-99.000000
-99.000000
-99.000000
-99.000000
-99.000000
-99.000000
-99.000000
-99.000000
-99.000000
-99.000000
-99.000000
-99.000000
-99.000000
-99.000000
-99.000000
-99.000000
-99.000000
-99.000000
-99.000000
-99.000000
-99.000000
-99.000000
-99.000000
-99.000000
-99.000000
-99.000000
-99.000000
-99.000000
-99.000000
-99.000000
-99.000000
-99.000000
-99.000000
-99.000000
-99.000000
-99.000000
-99.000000
-99.000000
-99.000000
-99.000000
-99.000000
-99.000000
-99.000000
-99.000000
-99.000000
-99.000000
-99.000000
-99.000000
-99.000000
-99.000000
-99.000000
-99.000000
-99.000000
-99.000000
-99.000000
-99.000000
-99.000000
-99.000000
-99.000000
-99.000000
-99.000000
-99.000000
-99.000000
-99.000000
-99.000000
-99.000000
-99.000000
-99.000000
-99.000000
-99.000000
-99.000000
-99.000000
-99.000000
-99.000000
-99.000000
-99.000000
-99.000000
-99.000000
-99.000000
-99.000000
-99.000000
-99.000000
-99.000000
-99.000000
-99.000000
-99.000000
-99.000000
-99.000000
-99.000000
-99.000000
-99.000000
-99.000000
-99.000000
-99.000000
-99.000000
-99.000000
-99.000000
-99.000000
-99.000000
-99.000000
-99.000000
-99.000000
-99.000000
-99.000000
-99.000000
-99.000000
-99.000000
-99.000000
-99.000000
-99.000000
-99.000000
-99.000000
-99.000000
-99.000000
-99.000000
-99.000000
-99.000000
-99.000000
-99.000000
-99.000000
-99.000000
-99.000000
-99.000000
-99.000000
-99.000000
-99.000000
-99.000000
-99.000000
-99.000000
-99.000000
-99.000000
-99.000000
-99.000000
-99.000000
-99.000000
-99.000000
-99.000000
-99.000000
-99.000000
-99.000000
-99.000000
-99.000000
-99.000000
-99.000000
-99.000000
-99.000000
-99.000000
-99.000000
-99.000000
-99.000000
-99.000000
-99.000000
-99.000000
-99.000000
-99.000000
-99.000000
-99.000000
-99.000000
-99.000000
-99.000000
-99.000000
-99.000000
-99.000000
-99.000000
-99.000000
-99.000000
-99.000000
-99.000000
-99.000000
-99.000000
-99.000000
-99.000000
-99.000000
-99.000000
-99.000000
-99.000000
-99.000000
-99.000000
-99.000000
-99.000000
-99.000000
-99.000000
-99.000000
-99.000000
-99.000000
-99.000000
-99.000000
-99.000000
-99.000000
-99.000000
-99.000000
-99.000000
-99.000000
-99.000000
-99.000000
-99.000000
-99.000000
-99.000000
-99.000000
-99.000000
-99.000000
-99.000000
-99.000000
-99.000000
-99.000000
-99.000000
-99.000000
-99.000000
-99.000000
-99.000000
-99.000000
-99.000000
-99.000000
-99.000000
-99.000000
-99.000000
-99.000000
-99.000000
-99.000000
-99.000000
-99.000000
-99.000000
-99.000000
-99.000000
-99.000000
-99.000000
-99.000000
-99.000000
-99.000000
-99.000000
-99.000000
-99.000000
-99.000000
-99.000000
-99.000000
-99.000000
-99.000000
-99.000000
-99.000000
-99.000000
-99.000000
-99.000000
-99.000000
-99.000000
-99.000000
-99.000000
-99.000000
-99.000000
-99.000000
-99.000000
-99.000000
-99.000000
-99.000000
-99.000000
-99.000000
-99.000000
-99.000000
-99.000000
-99.000000
-99.000000
-99.000000
-99.000000
-99.000000
-99.000000
-99.000000
-99.000000
-99.000000
-99.000000
-99.000000
-99.000000
-99.000000
-99.000000
-99.000000
-99.000000
-99.000000
-99.000000
-99.000000
-99.000000
-99.000000
-99.000000
-99.000000
-99.000000
-99.000000
-99.000000
-99.000000
-99.000000
-99.000000
-99.000000
-99.000000
-99.000000
-99.000000
-99.000000
-99.000000
-99.000000
-99.000000
-99.000000
-99.000000
-99.000000
-99.000000
-99.000000
-99.000000
-99.000000
-99.000000
-99.000000
-99.000000
-99.000000
-99.000000
-99.000000
-99.000000
-99.000000
-99.000000
-99.000000
-99.000000
-99.000000
-99.000000
-99.000000
-99.000000
-99.000000
-99.000000
-99.000000
-99.000000
-99.000000
-99.000000
-99.000000
-99.000000
-99.000000
-99.000000
-99.000000
-99.000000
-99.000000
-99.000000
-99.000000
-99.000000
-99.000000
-99.000000
-99.000000
-99.000000
-99.000000
-99.000000
-99.000000
-99.000000
-99.000000
-99.000000
-99.000000
-99.000000
-99.000000
-99.000000
-99.000000
-99.000000
-99.000000
-99.000000
-99.000000
-99.000000
-99.000000
-99.000000
-99.000000
-99.000000
-99.000000
-99.000000
-99.000000
-99.000000
-99.000000
-99.000000
-99.000000
-99.000000
-99.000000
-99.000000
-99.000000
-99.000000
-99.000000
-99.000000
-99.000000
-99.000000
-99.000000
-99.000000
-99.000000
-99.000000
-99.000000
-99.000000
-99.000000
-99.000000
-99.000000
-99.000000
-99.000000
-99.000000
-99.000000
-99.000000
-99.000000
-99.000000
-99.000000
-99.000000
-99.000000
-99.000000
-99.000000
-99.000000
-99.000000
-99.000000
-99.000000
-99.000000
-99.000000
-99.000000
-99.000000
-99.000000
-99.000000
-99.000000
-99.000000
-99.000000
-99.000000
-99.000000
-99.000000
-99.000000
-99.000000
-99.000000
-99.000000
-99.000000
-99.000000
-99.000000
-99.000000
-99.000000
-99.000000
-99.000000
-99.000000
-99.000000
-99.000000
-99.000000
-99.000000
-99.000000
-99.000000
-99.000000
-99.000000
-99.000000
-99.000000
-99.000000
-99.000000
-99.000000
-99.000000
-99.000000
-99.000000
-99.000000
-99.000000
-99.000000
-99.000000
-99.000000
-99.000000
-99.000000
-99.000000
-99.000000
-99.000000
-99.000000
-99.000000
-99.000000
-99.000000
-99.000000
-99.000000
-99.000000
-99.000000
-99.000000
-99.000000
-99.000000
-99.000000
-99.000000
-99.000000
-99.000000
-99.000000
-99.000000
-99.000000
-99.000000
-99.000000
-99.000000
-99.000000
-99.000000
-99.000000
-99.000000
-99.000000
-99.000000
-99.000000
-99.000000
-99.000000
-99.000000
-99.000000
-99.000000
-99.000000
-99.000000
-99.000000
-99.000000
-99.000000
-99.000000
-99.000000
-99.000000
-99.000000
-99.000000
-99.000000
-99.000000
-99.000000
-99.000000
-99.000000
-99.000000
-99.000000
-99.000000
-99.000000
-99.000000
-99.000000
-99.000000
-99.000000
-99.000000
-99.000000
-99.000000
-99.000000
-99.000000
-99.000000
-99.000000
-99.000000
-99.000000
-99.000000
-99.000000
-99.000000
-99.000000
-99.000000
-99.000000
-99.000000
-99.000000
-99.000000
-99.000000
-99.000000
-99.000000
-99.000000
-99.000000
-99.000000
-99.000000
-99.000000
-99.000000
-99.000000
-99.000000
-99.000000
-99.000000
-99.000000
-99.000000
-99.000000
-99.000000
-99.000000
-99.000000
-99.000000
-99.000000
-99.000000
-99.000000
-99.000000
-99.000000
-99.000000
-99.000000
-99.000000
-99.000000
-99.000000
-99.000000
-99.000000
-99.000000
-99.000000
-99.000000
-99.000000
-99.000000
-99.000000
-99.000000
-99.000000
-99.000000
-99.000000
-99.000000
-99.000000
-99.000000
-99.000000
-99.000000
-99.000000
-99.000000
-99.000000
-99.000000
-99.000000
-99.000000
-99.000000
-99.000000
-99.000000
-99.000000
-99.000000
-99.000000
-99.000000
-99.000000
-99.000000
-99.000000
-99.000000
-99.000000
-99.000000
-99.000000
-99.000000
-99.000000
-99.000000
-99.000000
-99.000000
-99.000000
-99.000000
-99.000000
-99.000000
-99.000000
-99.000000
-99.000000
-99.000000
-99.000000
-99.000000
-99.000000
-99.000000
-99.000000
-99.000000
-99.000000
-99.000000
-99.000000
-99.000000
-99.000000
-99.000000
-99.000000
-99.000000
-99.000000
-99.000000
-99.000000
-99.000000
-99.000000
-99.000000
-99.000000
-99.000000
-99.000000
-99.000000
-99.000000
-99.000000
-99.000000
-99.000000
-99.000000
-99.000000
-99.000000
-99.000000
-99.000000
-99.000000
-99.000000
-99.000000
-99.000000
-99.000000
-99.000000
-99.000000
-99.000000
-99.000000
-99.000000
-99.000000
-99.000000
-99.000000
-99.000000
-99.000000
-99.000000
-99.000000
-99.000000
-99.000000
-99.000000
-99.000000
-99.000000
-99.000000
-99.000000
-99.000000
-99.000000
-99.000000
-99.000000
-99.000000
-99.000000
-99.000000
-99.000000
-99.000000
-99.000000
-99.000000
-99.000000
-99.000000
-99.000000
-99.000000
-99.000000
-99.000000
-99.000000
-99.000000
-99.000000
-99.000000
-99.000000
-99.000000
-99.000000
-99.000000
-99.000000
-99.000000
-99.000000
-99.000000
-99.000000
-99.000000
-99.000000
-99.000000
-99.000000
-99.000000
-99.000000
-99.000000
-99.000000
-99.000000
-99.000000
-99.000000
-99.000000
-99.000000
-99.000000
-99.000000
-99.000000
-99.000000
-99.000000
-99.000000
-99.000000
-99.000000
-99.000000
-99.000000
-99.000000
-99.000000
-99.000000
-99.000000
-99.000000
-99.000000
-99.000000
-99.000000
-99.000000
-99.000000
-99.000000
-99.000000
-99.000000
-99.000000
-99.000000
-99.000000
-99.000000
-99.000000
-99.000000
-99.000000
-99.000000
-99.000000
-99.000000
-99.000000
-99.000000
-99.000000
-99.000000
-99.000000
-99.000000
-99.000000
-99.000000
-99.000000
-99.000000
-99.000000
-99.000000
-99.000000
-99.000000
-99.000000
-99.000000
-99.000000
-99.000000
-99.000000
-99.000000
-99.000000
-99.000000
-99.000000
-99.000000
-99.000000
-99.000000
-99.000000
-99.000000
-99.000000
-99.000000
-99.000000
-99.000000
-99.000000
-99.000000
-99.000000
-99.000000
-99.000000
-99.000000
-99.000000
-99.000000
-99.000000
-99.000000
-99.000000
-99.000000
-99.000000
-99.000000
-99.000000
-99.000000
-99.000000
-99.000000
-99.000000
-99.000000
-99.000000
-99.000000
-99.000000
-99.000000
-99.000000
-99.000000
-99.000000
-99.000000
-99.000000
-99.000000
-99.000000
-99.000000
-99.000000
-99.000000
-99.000000
-99.000000
-99.000000
-99.000000
-99.000000
-99.000000
-99.000000
-99.000000
-99.000000
-99.000000
-99.000000
-99.000000
-99.000000
-99.000000
-99.000000
-99.000000
-99.000000
-99.000000
-99.000000
-99.000000
-99.000000
-99.000000
-99.000000
-99.000000
-99.000000
-99.000000
-99.000000
-99.000000
-99.000000
-99.000000
-99.000000
-99.000000
-99.000000
-99.000000
-99.000000
-99.000000
-99.000000
-99.000000
-99.000000
-99.000000
-99.000000
-99.000000
-99.000000
-99.000000
-99.000000
-99.000000
-99.000000
-99.000000
-99.000000
-99.000000
-99.000000
-99.000000
-99.000000
-99.000000
-99.000000
-99.000000
-99.000000
-99.000000
-99.000000
-99.000000
-99.000000
-99.000000
-99.000000
-99.000000
-99.000000
-99.000000
-99.000000
-99.000000
-99.000000
-99.000000
-99.000000
-99.000000
-99.000000
-99.000000
-99.000000
-99.000000
-99.000000
-99.000000
-99.000000
-99.000000
-99.000000
-99.000000
-99.000000
-99.000000
-99.000000
-99.000000
-99.000000
-99.000000
-99.000000
-99.000000
-99.000000
-99.000000
-99.000000
-99.000000
-99.000000
-99.000000
-99.000000
-99.000000
-99.000000
-99.000000
-99.000000
-99.000000
-99.000000
-99.000000
-99.000000
-99.000000
-99.000000
-99.000000
-99.000000
-99.000000
-99.000000
-99.000000
-99.000000
-99.000000
-99.000000
-99.000000
-99.000000
-99.000000
-99.000000
-99.000000
-99.000000
-99.000000
-99.000000
-99.000000
-99.000000
-99.000000
-99.000000
-99.000000
-99.000000
-99.000000
-99.000000
-99.000000
-99.000000
-99.000000
-99.000000
-99.000000
-99.000000
-99.000000
-99.000000
-99.000000
-99.000000
-99.000000
-99.000000
-99.000000
-99.000000
-99.000000
-99.000000
-99.000000
-99.000000
-99.000000
-99.000000
-99.000000
-99.000000
-99.000000
-99.000000
-99.000000
-99.000000
-99.000000
-99.000000
-99.000000
-99.000000
-99.000000
-99.000000
-99.000000
-99.000000
-99.000000
-99.000000
-99.000000
-99.000000
-99.000000
-99.000000
-99.000000
-99.000000
-99.000000
-99.000000
-99.000000
-99.000000
-99.000000
-99.000000
-99.000000
-99.000000
-99.000000
-99.000000
-99.000000
-99.000000
-99.000000
-99.000000
-99.000000
-99.000000
-99.000000
-99.000000
-99.000000
-99.000000
-99.000000
-99.000000
-99.000000
-99.000000
-99.000000
-99.000000
-99.000000
-99.000000
-99.000000
-99.000000
-99.000000
-99.000000
-99.000000
-99.000000
-99.000000
-99.000000
-99.000000
-99.000000
-99.000000
-99.000000
-99.000000
-99.000000
-99.000000
-99.000000
-99.000000
-99.000000
-99.000000
-99.000000
-99.000000
-99.000000
-99.000000
-99.000000
-99.000000
-99.000000
-99.000000
-99.000000
-99.000000
-99.000000
-99.000000
-99.000000
-99.000000
-99.000000
-99.000000
-99.000000
-99.000000
-99.000000
-99.000000
-99.000000
-99.000000
-99.000000
-99.000000
-99.000000
-99.000000
-99.000000
-99.000000
-99.000000
-99.000000
-99.000000
-99.000000
-99.000000
-99.000000
-99.000000
-99.000000
-99.000000
-99.000000
-99.000000
-99.000000
-99.000000
-99.000000
-99.000000
-99.000000
-99.000000
-99.000000
-99.000000
-99.000000
-99.000000
-99.000000
-99.000000
-99.000000
-99.000000
-99.000000
-99.000000
-99.000000
-99.000000
-99.000000
-99.000000
-99.000000
-99.000000
-99.000000
-99.000000
-99.000000
-99.000000
-99.000000
-99.000000
-99.000000
-99.000000
-99.000000
-99.000000
-99.000000
-99.000000
-99.000000
-99.000000
-99.000000
-99.000000
-99.000000
-99.000000
-99.000000
-99.000000
-99.000000
-99.000000
-99.000000
-99.000000
-99.000000
-99.000000
-99.000000
-99.000000
-99.000000
-99.000000
-99.000000
-99.000000
-99.000000
-99.000000
-99.000000
-99.000000
-99.000000
-99.000000
-99.000000
-99.000000
-99.000000
-99.000000
-99.000000
-99.000000
-99.000000
-99.000000
-99.000000
-99.000000
-99.000000
-99.000000
-99.000000
-99.000000
-99.000000
-99.000000
-99.000000
-99.000000
-99.000000
-99.000000
-99.000000
-99.000000
-99.000000
-99.000000
-99.000000
-99.000000
-99.000000
-99.000000
-99.000000
-99.000000
-99.000000
-99.000000
-99.000000
-99.000000
-99.000000
-99.000000
-99.000000
-99.000000
-99.000000
-99.000000
-99.000000
-99.000000
-99.000000
-99.000000
-99.000000
-99.000000
-99.000000
-99.000000
-99.000000
-99.000000
-99.000000
-99.000000
-99.000000
-99.000000
-99.000000
-99.000000
-99.000000
-99.000000
-99.000000
-99.000000
-99.000000
-99.000000
-99.000000
-99.000000
-99.000000
-99.000000
-99.000000
-99.000000
-99.000000
-99.000000
-99.000000
-99.000000
-99.000000
-99.000000
-99.000000
-99.000000
-99.000000
-99.000000
-99.000000
-99.000000
-99.000000
-99.000000
-99.000000
-99.000000
-99.000000
-99.000000
-99.000000
-99.000000
-99.000000
-99.000000
-99.000000
-99.000000
-99.000000
-99.000000
-99.000000
-99.000000
-99.000000
-99.000000
-99.000000
-99.000000
-99.000000
-99.000000
-99.000000
-99.000000
-99.000000
-99.000000
-99.000000
-99.000000
-99.000000
-99.000000
-99.000000
-99.000000
-99.000000
-99.000000
-99.000000
-99.000000
-99.000000
-99.000000
-99.000000
-99.000000
-99.000000
-99.000000
-99.000000
-99.000000
-99.000000
-99.000000
-99.000000
-99.000000
-99.000000
-99.000000
-99.000000
-99.000000
-99.000000
-99.000000
-99.000000
-99.000000
-99.000000
-99.000000
-99.000000
-99.000000
-99.000000
-99.000000
-99.000000
-99.000000
-99.000000
-99.000000
-99.000000
-99.000000
-99.000000
-99.000000
-99.000000
-99.000000
-99.000000
-99.000000
-99.000000
-99.000000
-99.000000
-99.000000
-99.000000
-99.000000
-99.000000
-99.000000
-99.000000
-99.000000
-99.000000
-99.000000
-99.000000
-99.000000
-99.000000
-99.000000
-99.000000
-99.000000
-99.000000
-99.000000
-99.000000
-99.000000
-99.000000
-99.000000
-99.000000
-99.000000
-99.000000
-99.000000
-99.000000
-99.000000
-99.000000
-99.000000
-99.000000
-99.000000
-99.000000
-99.000000
-99.000000
-99.000000
-99.000000
-99.000000
-99.000000
-99.000000
-99.000000
-99.000000
-99.000000
-99.000000
-99.000000
-99.000000
-99.000000
-99.000000
-99.000000
-99.000000
-99.000000
-99.000000
-99.000000
-99.000000
-99.000000
-99.000000
-99.000000
-99.000000
-99.000000
-99.000000
-99.000000
-99.000000
-99.000000
-99.000000
-99.000000
-99.000000
-99.000000
-99.000000
-99.000000
-99.000000
-99.000000
-99.000000
-99.000000
-99.000000
-99.000000
-99.000000
-99.000000
-99.000000
-99.000000
-99.000000
-99.000000
-99.000000
-99.000000
-99.000000
-99.000000
-99.000000
-99.000000
-99.000000
-99.000000
-99.000000
-99.000000
-99.000000
-99.000000
-99.000000
-99.000000
-99.000000
-99.000000
-99.000000
-99.000000
-99.000000
-99.000000
-99.000000
-99.000000
-99.000000
-99.000000
-99.000000
-99.000000
-99.000000
-99.000000
-99.000000
-99.000000
-99.000000
-99.000000
-99.000000
-99.000000
-99.000000
-99.000000
-99.000000
-99.000000
-99.000000
-99.000000
-99.000000
-99.000000
-99.000000
-99.000000
-99.000000
-99.000000
-99.000000
-99.000000
-99.000000
-99.000000
-99.000000
-99.000000
-99.000000
-99.000000
-99.000000
-99.000000
-99.000000
-99.000000
-99.000000
-99.000000
-99.000000
-99.000000
-99.000000
-99.000000
-99.000000
-99.000000
-99.000000
-99.000000
-99.000000
-99.000000
-99.000000
-99.000000
-99.000000
-99.000000
-99.000000
-99.000000
-99.000000
-99.000000
-99.000000
-99.000000
-99.000000
-99.000000
-99.000000
-99.000000
-99.000000
-99.000000
-99.000000
-99.000000
-99.000000
-99.000000
-99.000000
-99.000000
-99.000000
-99.000000
-99.000000
-99.000000
-99.000000
-99.000000
-99.000000
-99.000000
-99.000000
-99.000000
-99.000000
-99.000000
-99.000000
-99.000000
-99.000000
-99.000000
-99.000000
-99.000000
-99.000000
-99.000000
-99.000000
-99.000000
-99.000000
-99.000000
-99.000000
-99.000000
-99.000000
-99.000000
-99.000000
-99.000000
-99.000000
-99.000000
-99.000000
-99.000000
-99.000000
-99.000000
-99.000000
-99.000000
-99.000000
-99.000000
-99.000000
-99.000000
-99.000000
-99.000000
-99.000000
-99.000000
-99.000000
-99.000000
-99.000000
-99.000000
-99.000000
-99.000000
-99.000000
-99.000000
-99.000000
-99.000000
-99.000000
-99.000000
-99.000000
-99.000000
-99.000000
-99.000000
-99.000000
-99.000000
-99.000000
-99.000000
-99.000000
-99.000000
-99.000000
-99.000000
-99.000000
-99.000000
-99.000000
-99.000000
-99.000000
-99.000000
-99.000000
-99.000000
-99.000000
-99.000000
-99.000000
-99.000000
-99.000000
-99.000000
-99.000000
-99.000000
-99.000000
-99.000000
-99.000000
-99.000000
-99.000000
-99.000000
-99.000000
-99.000000
-99.000000
-99.000000
-99.000000
-99.000000
-99.000000
-99.000000
-99.000000
-99.000000
-99.000000
-99.000000
-99.000000
-99.000000
-99.000000
-99.000000
-99.000000
-99.000000
-99.000000
-99.000000
-99.000000
-99.000000
-99.000000
-99.000000
-99.000000
-99.000000
-99.000000
-99.000000
-99.000000
-99.000000
-99.000000
-99.000000
-99.000000
-99.000000
-99.000000
-99.000000
-99.000000
-99.000000
-99.000000
-99.000000
-99.000000
-99.000000
-99.000000
-99.000000
-99.000000
-99.000000
-99.000000
-99.000000
-99.000000
-99.000000
-99.000000
-99.000000
-99.000000
-99.000000
-99.000000
-99.000000
-99.000000
-99.000000
-99.000000
-99.000000
-99.000000
-99.000000
-99.000000
-99.000000
-99.000000
-99.000000
-99.000000
-99.000000
-99.000000
-99.000000
-99.000000
-99.000000
-99.000000
-99.000000
-99.000000
-99.000000
-99.000000
-99.000000
-99.000000
-99.000000
-99.000000
-99.000000
-99.000000
-99.000000
-99.000000
-99.000000
-99.000000
-99.000000
-99.000000
-99.000000
-99.000000
-99.000000
-99.000000
-99.000000
-99.000000
-99.000000
-99.000000
-99.000000
-99.000000
-99.000000
-99.000000
-99.000000
-99.000000
-99.000000
-99.000000
-99.000000
-99.000000
-99.000000
-99.000000
-99.000000
-99.000000
-99.000000
-99.000000
-99.000000
-99.000000
-99.000000
-99.000000
-99.000000
-99.000000
-99.000000
-99.000000
-99.000000
-99.000000
-99.000000
-99.000000
-99.000000
-99.000000
-99.000000
-99.000000
-99.000000
-99.000000
-99.000000
-99.000000
-99.000000
-99.000000
-99.000000
-99.000000
-99.000000
-99.000000
-99.000000
-99.000000
-99.000000
-99.000000
-99.000000
-99.000000
-99.000000
-99.000000
-99.000000
-99.000000
-99.000000
-99.000000
-99.000000
-99.000000
-99.000000
-99.000000
-99.000000
-99.000000
-99.000000
-99.000000
-99.000000
-99.000000
-99.000000
-99.000000
-99.000000
-99.000000
-99.000000
-99.000000
-99.000000
-99.000000
-99.000000
-99.000000
-99.000000
-99.000000
-99.000000
-99.000000
-99.000000
-99.000000
-99.000000
-99.000000
-99.000000
-99.000000
-99.000000
-99.000000
-99.000000
-99.000000
-99.000000
-99.000000
-99.000000
-99.000000
-99.000000
-99.000000
-99.000000
-99.000000
-99.000000
-99.000000
-99.000000
-99.000000
-99.000000
-99.000000
-99.000000
-99.000000
-99.000000
-99.000000
-99.000000
-99.000000
-99.000000
-99.000000
-99.000000
-99.000000
-99.000000
-99.000000
-99.000000
-99.000000
-99.000000
-99.000000
-99.000000
-99.000000
-99.000000
-99.000000
-99.000000
-99.000000
-99.000000
-99.000000
-99.000000
-99.000000
-99.000000
-99.000000
-99.000000
-99.000000
-99.000000
-99.000000
-99.000000
-99.000000
-99.000000
-99.000000
-99.000000
-99.000000
-99.000000
-99.000000
-99.000000
-99.000000
-99.000000
-99.000000
-99.000000
-99.000000
-99.000000
-99.000000
-99.000000
-99.000000
-99.000000
-99.000000
-99.000000
-99.000000
-99.000000
-99.000000
-99.000000
-99.000000
-99.000000
-99.000000
-99.000000
-99.000000
-99.000000
-99.000000
-99.000000
-99.000000
-99.000000
-99.000000
-99.000000
-99.000000
-99.000000
-99.000000
-99.000000
-99.000000
-99.000000
-99.000000
-99.000000
-99.000000
-99.000000
-99.000000
-99.000000
-99.000000
-99.000000
-99.000000
-99.000000
-99.000000
-99.000000
-99.000000
-99.000000
