20000101
0.00
0.00
0.00
0.10
0.00
0.00
0.00
0.00
0.80
0.00
0.00
0.00
0.10
0.00
0.00
0.00
0.00
0.10
0.00
0.00
0.10
0.00
0.00
0.00
0.00
0.00
0.00
0.00
0.00
0.00
0.00
0.00
0.00
0.00
0.00
0.00
0.00
0.00
0.00
0.00
0.00
0.00
0.10
0.00
0.00
0.00
0.00
0.00
0.00
0.00
0.00
0.00
0.00
0.00
0.00
0.00
0.00
0.00
0.00
0.00
0.00
0.00
0.00
0.00
0.00
0.00
0.00
0.00
0.00
0.00
0.00
0.00
0.00
0.00
0.00
0.00
0.00
0.00
0.00
0.00
0.00
0.00
1.70
0.00
2.60
1.40
0.00
17.88
0.00
2.60
8.30
0.00
0.00
0.00
0.00
0.00
0.00
0.00
0.00
0.00
15.19
18.19
0.00
0.00
2.50
0.00
0.00
0.00
0.00
0.00
0.00
0.00
0.00
0.30
0.00
0.00
0.00
0.00
2.80
0.00
0.00
0.00
0.00
0.00
0.10
0.00
0.00
0.00
0.00
0.00
20.59
0.00
0.00
0.00
0.00
0.00
0.00
9.60
0.10
0.00
0.00
14.49
15.79
0.00
0.00
0.20
1.20
4.70
0.00
0.00
0.00
0.00
0.00
0.00
0.00
0.00
14.19
0.00
0.00
0.00
0.00
158.35
0.50
0.10
0.00
1.30
0.00
0.00
0.00
0.00
0.00
0.00
0.00
0.00
0.00
0.00
0.00
0.00
0.00
0.00
0.00
0.00
0.00
0.00
0.00
0.00
0.00
0.00
0.00
0.00
0.00
0.90
0.00
0.00
0.00
0.00
0.00
0.00
0.00
0.00
0.00
0.00
0.00
0.00
1.20
0.00
22.80
0.00
0.00
0.00
0.00
0.00
0.00
0.00
0.00
0.00
8.90
0.10
0.00
0.00
0.00
0.00
0.00
2.18
2.62
0.00
0.00
0.00
0.00
0.00
0.00
0.00
0.00
0.00
0.00
0.00
0.00
0.00
0.00
0.00
0.00
0.00
6.00
0.00
0.00
0.00
0.00
0.90
0.00
0.00
0.00
0.00
0.00
0.00
0.00
0.00
0.00
0.00
0.00
0.00
0.00
0.20
15.80
0.50
0.00
0.00
0.00
0.00
0.00
0.00
0.00
11.09
6.50
0.00
1.20
0.10
0.00
0.00
0.00
0.00
0.00
0.00
0.00
0.30
0.20
1.20
12.90
0.10
3.50
0.00
0.10
0.00
0.00
0.00
0.10
4.68
3.02
0.00
0.00
0.00
0.00
0.00
0.00
0.00
3.60
0.00
0.60
0.20
0.00
1.00
4.00
0.00
0.00
0.00
0.00
0.00
0.00
4.50
0.10
0.00
0.00
0.00
0.00
0.00
0.00
0.00
0.00
9.10
0.00
0.00
0.00
0.40
0.10
9.85
0.04
0.00
0.00
0.00
0.00
0.00
2.00
4.70
0.10
0.00
0.00
0.00
0.00
0.00
0.00
0.00
0.00
0.10
0.00
0.00
0.00
5.50
10.06
32.22
29.48
0.20
0.10
0.00
0.60
0.10
0.10
0.00
0.00
0.00
0.00
0.40
0.00
0.10
0.00
0.00
0.00
0.00
0.10
0.40
0.60
8.49
7.20
0.00
0.00
0.00
0.00
0.00
0.00
0.00
0.00
0.00
0.00
0.00
0.01
0.89
0.00
0.00
0.00
0.00
0.00
0.00
0.00
0.00
0.00
0.00
0.00
0.00
0.00
0.00
0.00
0.11
22.88
0.00
0.00
0.00
0.00
0.00
0.00
0.00
0.00
0.00
0.00
0.70
0.00
0.00
0.00
0.00
7.09
1.10
0.00
2.90
0.00
9.69
5.50
0.00
0.00
0.00
1.10
0.00
0.00
0.00
0.00
0.00
0.00
0.00
0.00
0.00
0.00
0.00
0.00
0.00
0.00
0.00
0.00
0.70
0.00
0.00
0.00
0.00
0.00
0.00
0.00
0.00
0.00
0.00
0.00
0.00
0.00
0.00
0.00
0.00
0.00
0.00
0.20
0.00
0.00
1.20
0.00
0.00
0.00
0.00
0.00
0.00
5.50
0.10
0.00
13.19
2.30
0.40
1.50
10.50
1.10
0.00
0.00
0.00
0.40
2.00
0.70
0.00
0.00
0.00
0.00
0.00
1.50
8.60
0.00
0.70
0.30
0.00
1.20
6.10
0.00
0.00
0.00
0.00
0.00
0.00
0.00
0.00
0.00
0.00
0.00
0.00
0.00
0.00
0.00
0.00
2.30
0.00
0.00
0.00
0.00
0.00
0.00
0.00
0.00
0.00
0.00
0.00
0.00
0.00
0.00
0.00
0.00
0.00
0.00
0.00
0.00
0.00
0.00
1.30
0.10
0.00
0.00
0.00
0.00
7.30
0.10
0.00
0.00
0.00
0.70
1.10
0.10
0.00
0.00
26.28
0.00
0.00
0.00
0.00
0.00
0.00
0.00
0.00
0.00
0.00
0.00
0.00
0.00
0.10
0.00
0.00
0.00
0.00
0.00
0.00
0.00
0.00
0.00
0.00
0.00
0.00
0.00
0.10
0.00
0.00
0.00
0.00
0.00
0.00
0.00
0.00
0.00
0.00
0.00
0.00
0.00
0.00
0.00
0.00
0.00
0.00
0.00
0.00
0.00
0.00
0.00
0.00
0.00
0.00
0.00
0.00
0.00
0.00
0.00
0.20
0.00
0.00
0.20
0.00
23.48
0.30
0.00
0.00
0.00
0.00
5.10
7.70
0.00
0.00
0.00
0.00
2.40
0.00
0.00
0.00
0.00
8.80
0.00
0.00
0.00
0.20
0.00
0.00
0.00
1.50
21.99
18.29
35.59
0.00
0.00
0.00
0.00
0.00
0.10
0.00
0.00
0.00
0.00
0.00
0.00
0.00
0.00
0.00
0.00
0.00
0.00
0.00
0.00
0.00
5.67
0.13
0.00
0.10
3.67
13.85
38.96
0.10
0.00
0.00
0.00
0.10
0.00
0.00
0.00
0.00
0.00
0.00
0.00
0.00
0.00
0.00
0.00
0.00
0.00
0.00
0.00
0.00
0.00
0.00
0.00
0.10
0.00
0.10
5.60
9.69
0.00
0.00
0.00
0.10
0.00
0.00
0.00
0.00
0.00
0.00
0.00
0.00
0.00
0.00
2.20
0.40
3.30
1.96
0.54
0.00
0.00
0.00
1.10
0.10
0.00
0.00
0.10
0.00
0.00
0.00
0.00
0.00
0.10
0.00
0.10
0.00
0.00
4.10
0.10
0.00
0.00
0.00
0.00
0.00
0.00
0.00
0.00
0.00
0.00
0.00
1.30
0.10
0.00
0.00
0.00
0.00
0.00
0.00
0.00
0.00
0.00
4.10
0.10
0.00
0.00
0.00
0.00
0.00
0.00
0.00
0.00
0.00
0.00
0.00
0.00
1.80
0.00
0.00
15.49
0.00
0.00
0.00
0.00
0.00
0.00
0.00
1.65
0.65
0.00
0.00
0.00
0.00
0.00
0.00
0.00
0.00
0.00
0.00
0.00
0.00
0.00
0.00
1.70
0.00
0.00
0.00
1.10
40.75
2.21
0.00
0.00
10.40
0.00
0.00
19.12
1.27
1.90
0.00
0.30
0.00
0.00
0.20
0.00
2.60
0.00
0.00
0.20
0.00
0.00
0.00
0.00
0.00
0.00
0.00
0.00
5.23
3.67
0.30
0.00
0.90
2.70
3.40
3.80
0.10
1.10
15.49
0.10
0.00
0.00
0.00
0.00
0.00
0.00
0.00
0.00
0.00
0.40
0.80
0.00
0.00
1.10
0.20
0.00
0.00
0.00
0.00
0.00
0.00
0.00
12.30
7.40
0.20
0.30
13.90
0.00
0.00
0.00
0.00
0.00
0.00
0.00
0.00
0.00
0.00
0.00
0.00
0.00
0.00
0.00
0.00
0.00
0.00
0.00
0.00
0.20
0.00
0.00
0.00
0.00
0.00
0.00
0.00
0.00
0.00
0.00
0.00
0.00
14.10
0.10
0.00
0.00
0.00
0.10
0.00
0.00
0.00
0.00
0.00
0.00
0.00
0.00
0.00
0.00
0.00
0.00
21.69
0.10
1.30
0.00
0.00
0.00
0.00
0.00
0.00
0.00
0.10
0.50
0.00
0.00
0.00
0.00
18.70
3.30
0.00
1.50
0.30
0.00
0.00
19.59
0.30
10.35
0.85
0.00
12.20
0.00
0.00
0.00
1.00
0.10
0.00
14.16
2.03
0.20
0.00
0.00
5.30
0.00
0.00
0.00
0.00
3.50
0.00
0.00
0.23
1.88
0.00
0.00
0.30
5.80
0.20
0.00
0.00
0.00
0.00
0.00
0.00
0.00
0.00
0.00
3.30
0.00
0.00
0.00
0.00
0.00
7.60
58.76
10.80
0.00
0.00
0.00
0.00
0.00
0.00
0.00
0.00
0.00
0.00
0.40
0.10
0.00
0.00
0.00
0.00
0.00
0.00
0.00
0.00
0.00
0.00
0.00
0.00
0.00
0.00
0.45
1.55
0.00
0.00
0.00
0.00
0.00
0.09
5.85
1.76
0.00
0.00
0.00
0.00
18.89
1.10
0.00
1.18
22.71
0.10
0.00
0.00
0.20
0.00
0.00
0.60
0.00
0.00
0.10
0.00
0.00
0.00
0.00
0.06
27.92
0.30
0.00
0.10
0.70
0.00
0.00
0.10
0.00
0.40
0.10
0.00
0.00
0.00
0.00
0.00
0.00
0.60
0.00
0.00
2.80
0.00
0.00
0.00
0.00
0.00
5.30
7.09
0.00
0.30
0.00
0.00
0.00
0.00
0.10
0.00
0.00
0.00
0.00
0.10
1.70
1.10
1.90
0.00
0.00
0.00
0.00
0.00
0.00
0.00
0.00
0.00
0.00
0.00
0.00
0.00
0.00
0.00
0.00
0.00
0.00
0.00
1.20
0.00
0.00
10.50
0.20
1.80
0.00
0.10
3.60
14.60
14.29
0.00
1.30
0.10
0.00
15.49
19.69
1.20
0.00
0.00
0.00
0.00
0.00
0.00
0.80
0.00
0.00
0.00
0.00
0.00
0.00
0.00
0.00
5.30
0.00
0.00
0.00
0.00
0.00
0.00
0.00
0.00
0.00
0.00
0.00
0.00
18.89
0.00
0.10
0.00
1.70
0.00
0.00
0.00
0.00
0.00
0.00
0.00
8.80
0.00
0.00
0.00
0.00
0.10
0.40
0.00
0.00
0.00
0.93
0.97
0.00
0.00
0.00
0.00
0.00
0.20
0.00
0.00
0.00
0.20
0.00
0.10
0.00
0.00
0.00
4.70
13.26
14.33
0.00
0.00
0.00
0.00
0.00
0.00
0.00
4.36
0.44
0.00
1.50
0.00
0.00
0.00
0.00
0.28
10.21
0.00
0.00
0.00
0.00
0.00
0.00
0.00
0.00
0.00
0.00
4.60
0.00
0.00
0.00
0.00
0.00
0.00
0.00
0.00
0.00
0.00
0.00
0.10
0.10
0.00
0.00
0.00
0.00
0.00
0.00
0.00
0.00
5.60
0.00
0.00
0.00
0.00
0.00
0.00
0.00
0.00
1.20
0.00
0.00
1.70
0.00
0.00
0.00
0.00
0.00
0.00
0.00
0.00
0.00
0.00
0.00
0.00
0.00
0.70
0.00
0.00
0.00
0.00
0.00
0.00
0.00
0.00
0.00
0.00
0.00
0.00
0.00
0.00
0.00
0.00
0.00
0.00
0.00
0.00
0.00
0.00
0.00
0.00
21.40
0.00
0.00
0.00
0.00
0.00
0.00
0.00
0.00
0.00
0.00
0.00
0.00
0.00
49.09
0.10
3.10
0.10
0.00
0.00
6.40
17.80
0.00
0.00
0.00
0.00
0.00
0.00
0.00
0.00
0.00
0.00
0.00
0.00
0.00
0.00
16.20
0.00
0.00
0.00
0.00
20.10
0.10
0.60
10.62
27.18
0.00
0.00
0.00
0.00
0.00
0.00
0.00
0.00
0.00
0.00
0.50
0.00
0.50
3.93
17.57
23.40
4.30
7.80
0.00
0.00
0.40
0.00
0.00
0.00
0.50
1.46
10.94
0.10
0.00
10.90
0.10
0.00
0.10
0.20
0.00
0.00
0.00
1.10
2.60
0.10
0.00
0.20
0.00
0.00
0.59
12.41
0.10
0.00
0.00
0.00
0.00
2.80
2.30
14.20
0.00
0.20
1.20
0.00
0.00
0.00
9.30
0.00
7.30
20.10
3.30
0.00
3.00
0.40
0.00
0.00
0.10
0.00
0.00
0.00
0.00
0.00
0.00
0.50
0.10
0.00
0.00
0.00
0.00
0.00
0.00
0.00
0.00
0.20
0.10
0.00
0.10
0.00
0.00
0.00
0.00
0.00
0.10
0.00
0.00
0.00
0.00
0.00
0.00
0.00
0.00
0.00
0.00
0.00
0.00
0.00
0.00
0.00
0.00
0.00
0.00
0.10
0.30
0.00
0.00
0.00
0.00
0.00
0.00
0.00
0.00
0.00
0.00
0.00
0.00
0.00
0.00
0.00
0.00
0.00
0.00
0.00
0.00
12.63
14.77
0.10
0.00
15.46
0.84
0.00
0.00
0.00
13.90
33.10
0.00
0.00
1.10
0.10
0.00
0.00
0.00
0.00
4.90
0.00
0.00
0.00
0.50
0.00
0.00
0.20
0.00
0.00
0.00
0.00
0.00
0.00
0.00
0.00
0.00
0.00
0.00
0.00
0.00
11.98
1.02
16.20
30.55
3.25
0.10
16.60
0.00
0.00
0.00
0.00
0.00
23.25
2.75
1.10
0.00
0.20
0.00
1.50
1.00
15.50
0.00
1.10
0.00
0.00
0.00
18.60
0.00
0.00
0.00
0.00
0.00
5.10
8.00
0.30
4.70
0.47
3.83
0.30
0.00
0.00
0.00
0.00
0.00
0.60
16.70
2.70
0.00
0.00
1.00
0.00
0.00
0.00
0.00
0.00
0.00
0.20
0.10
0.00
0.00
0.00
1.00
0.00
0.00
2.50
0.00
0.00
0.00
0.00
0.00
0.00
0.00
0.00
0.00
0.00
0.00
2.10
8.70
0.00
0.80
2.30
0.00
0.00
0.00
11.60
0.00
2.70
0.00
0.00
0.00
0.00
0.00
0.00
0.00
0.00
0.00
0.00
0.00
0.00
0.00
4.60
2.80
0.60
0.00
0.00
0.00
14.82
0.00
0.00
0.00
0.00
0.00
0.00
0.00
0.00
0.00
0.00
0.00
0.00
0.00
0.00
0.00
0.00
0.00
0.00
0.00
0.00
0.00
0.00
0.00
4.70
0.00
0.00
0.00
0.00
0.00
0.00
0.00
0.00
0.00
0.00
0.00
0.00
0.30
0.00
0.00
0.00
0.00
0.00
1.80
0.00
0.00
0.00
0.00
0.00
4.00
0.00
0.70
0.00
1.60
17.40
0.00
0.00
0.30
0.00
0.00
0.00
0.00
0.40
0.00
0.00
2.10
1.40
0.00
0.00
0.00
0.00
0.00
0.00
0.00
0.00
0.40
0.00
0.00
0.00
0.00
0.00
0.00
0.00
0.00
0.00
0.00
0.00
0.00
0.00
0.00
0.00
0.00
0.00
8.00
0.00
0.00
0.00
0.00
0.00
0.00
0.20
0.00
1.50
0.00
0.00
0.00
3.85
1.95
4.10
0.10
0.00
0.00
0.00
1.00
0.00
0.00
0.00
0.00
0.00
0.00
0.00
0.00
0.00
0.00
0.00
0.00
0.00
0.00
0.00
0.00
0.00
0.00
0.00
0.00
0.00
0.00
0.00
0.00
0.00
0.00
0.00
4.30
0.00
8.60
0.00
0.00
10.50
2.90
0.00
5.00
9.17
2.13
0.00
0.00
0.00
0.00
0.00
0.00
0.00
0.00
0.00
0.00
0.00
0.00
0.00
0.00
0.00
1.10
0.10
0.00
0.00
0.00
0.00
0.00
0.00
0.00
0.00
0.00
0.00
0.10
0.00
0.00
0.00
0.00
0.00
0.00
0.00
0.00
0.00
0.00
0.00
0.00
0.00
0.00
0.00
0.00
0.00
0.00
0.00
0.00
0.00
0.00
0.00
0.00
0.00
0.00
0.00
0.00
0.00
0.00
2.20
6.50
3.10
2.30
0.00
0.00
0.00
0.00
0.00
0.00
0.00
0.00
0.00
0.00
0.00
0.00
0.00
0.00
0.00
0.00
0.00
0.00
0.00
0.00
0.00
0.10
0.00
0.00
0.00
0.00
0.00
0.00
0.00
6.50
0.00
0.00
0.00
0.00
0.00
0.00
0.00
0.00
0.00
0.00
0.00
3.60
0.20
0.00
0.00
0.00
0.00
4.00
0.00
0.00
0.00
0.00
0.00
0.00
0.00
0.00
0.00
0.40
0.00
0.00
0.00
0.00
0.00
0.00
0.30
0.00
0.00
0.00
0.00
0.00
0.20
0.00
0.00
6.10
0.00
0.00
0.00
0.00
0.00
0.00
0.00
0.00
0.30
0.00
2.50
0.00
0.00
0.00
0.20
0.10
0.00
0.50
5.30
0.10
0.10
8.10
10.50
0.00
0.00
0.00
0.00
3.80
0.00
0.00
0.00
0.00
0.00
0.00
0.00
0.00
0.00
0.00
0.00
0.00
0.00
0.00
0.00
0.00
0.00
0.00
0.00
1.20
0.00
1.20
3.30
0.00
0.00
0.00
0.00
0.00
3.50
2.40
0.00
0.00
0.10
0.00
0.00
0.00
0.20
0.00
0.00
0.00
0.00
0.00
0.00
0.00
0.00
0.00
0.10
1.50
2.10
0.00
0.00
0.00
0.00
0.00
0.00
0.00
0.00
0.00
0.00
0.00
0.00
0.00
0.00
0.00
0.00
0.00
0.00
0.00
0.00
0.00
5.00
0.00
0.00
0.00
0.00
0.00
0.00
0.00
0.70
1.10
3.80
0.00
0.00
0.00
0.00
0.00
0.60
2.40
0.00
0.50
0.00
0.00
0.00
0.00
0.00
0.00
0.00
0.20
0.00
0.00
0.00
0.00
0.00
0.00
0.00
0.00
25.90
16.20
6.00
0.00
0.00
0.00
6.60
24.80
0.00
0.00
0.00
23.30
0.00
0.00
0.00
0.00
0.00
0.00
5.00
7.00
0.50
0.00
0.00
0.00
0.00
0.00
0.00
0.00
0.00
0.00
0.00
0.00
0.00
0.00
0.30
1.70
25.00
37.50
7.80
6.10
0.00
0.00
12.80
0.10
0.00
0.00
0.00
3.00
0.00
0.00
0.00
0.00
0.00
0.00
0.00
2.50
0.00
0.00
0.00
0.00
0.00
0.00
0.00
0.00
28.50
0.30
6.50
2.40
14.40
22.80
3.40
0.00
0.00
0.00
0.00
0.00
0.00
0.00
0.00
0.00
0.00
0.00
0.00
0.00
0.00
0.00
0.00
10.60
0.00
0.00
0.10
0.00
0.00
0.00
0.00
0.00
0.00
0.00
0.00
0.00
0.00
0.00
0.00
0.00
0.00
0.10
0.00
0.00
0.00
0.00
0.00
0.10
0.00
0.00
0.00
0.00
0.00
0.00
0.00
0.00
0.00
1.30
0.50
16.50
4.40
0.90
0.50
0.00
0.00
0.00
0.10
0.80
0.00
0.00
0.00
0.00
0.10
0.00
0.00
0.00
0.00
0.00
1.37
7.33
2.20
43.00
7.60
0.00
0.00
0.00
0.00
0.00
0.00
0.00
0.00
0.00
0.00
0.00
0.00
0.00
0.00
0.00
0.00
0.00
0.00
0.00
1.60
0.00
0.00
0.40
0.00
0.00
0.00
4.30
0.00
0.00
0.00
0.00
0.00
0.00
0.00
0.00
0.00
0.00
0.00
0.00
0.00
0.00
0.00
0.00
0.00
0.00
0.00
5.20
0.20
0.20
0.00
0.00
0.00
0.00
0.00
0.00
0.00
0.00
0.00
0.00
0.00
0.00
0.00
0.00
0.00
0.00
0.00
0.00
0.00
0.00
0.00
0.00
0.00
0.00
0.00
0.50
0.00
6.10
0.00
0.00
0.70
0.10
0.00
0.00
0.00
0.00
0.00
6.80
1.80
0.00
0.00
0.00
0.00
0.00
0.00
0.00
0.00
0.00
0.00
0.00
0.00
0.00
0.10
0.00
0.00
0.00
0.00
0.00
0.00
0.00
0.00
0.00
0.00
0.00
0.00
0.00
0.00
0.00
0.00
0.00
0.00
4.00
0.00
0.00
0.00
0.00
0.00
0.00
0.00
0.00
0.00
0.00
0.00
0.00
0.00
0.00
0.20
0.10
0.00
0.00
0.00
0.00
0.00
0.00
0.00
0.00
0.50
0.00
0.00
0.00
0.00
0.40
0.00
0.00
0.00
0.00
0.30
0.00
0.00
0.00
0.00
0.00
0.00
0.00
6.10
4.30
8.20
0.10
1.60
0.10
0.00
0.00
0.00
0.00
0.00
0.00
0.00
0.00
0.15
0.05
0.00
0.00
0.00
0.00
0.00
4.50
0.00
0.00
0.00
0.00
6.70
0.00
0.00
0.00
0.00
0.00
0.00
25.50
0.10
0.00
0.00
0.00
0.00
0.00
0.00
0.40
0.00
0.00
0.00
0.00
0.00
0.00
0.00
0.00
0.00
0.00
0.00
0.00
0.00
0.00
0.00
4.20
0.00
0.00
0.00
7.10
77.50
9.36
0.04
0.00
0.00
0.00
0.00
0.00
0.00
0.19
25.61
0.10
0.00
0.00
0.00
0.00
0.00
0.00
0.00
0.00
0.00
0.50
0.10
0.00
0.00
0.00
0.00
0.00
21.60
3.60
2.20
0.00
0.00
0.00
0.20
27.80
0.30
0.10
0.00
0.00
0.70
0.10
0.00
0.00
0.00
0.00
0.00
0.00
0.00
0.00
0.00
0.00
0.00
0.00
0.00
0.00
0.00
0.00
0.00
0.00
0.00
0.00
0.00
0.00
0.66
4.64
0.00
0.00
0.00
0.10
0.00
0.00
0.00
0.00
0.00
0.00
0.00
0.00
0.00
0.00
4.60
0.00
0.00
0.00
10.20
0.10
1.40
0.10
0.00
0.00
0.40
0.00
0.10
1.90
0.10
0.00
0.00
0.10
0.10
0.10
0.90
0.00
0.00
0.00
0.00
10.00
0.00
0.10
0.10
0.00
0.00
0.00
0.10
0.00
0.00
0.00
0.00
0.00
0.00
0.10
0.00
0.00
0.00
0.00
0.00
0.20
0.00
0.00
0.00
0.00
0.00
3.93
0.57
0.00
0.00
0.00
0.00
0.00
0.00
0.00
0.00
0.00
0.00
0.00
0.00
0.00
0.00
0.00
6.70
0.80
0.00
0.00
0.00
0.00
0.00
0.00
0.00
9.30
0.20
0.00
0.00
0.00
0.00
0.00
0.00
0.10
0.00
0.00
0.00
0.00
0.00
0.00
0.00
0.00
0.00
7.90
0.00
0.00
0.00
0.00
0.00
0.00
0.00
0.00
2.20
0.00
0.00
0.80
0.00
0.00
0.00
0.00
0.00
0.00
0.00
0.00
0.20
9.80
0.00
10.00
3.20
36.30
20.70
20.10
2.70
0.10
0.00
0.00
0.00
0.48
0.00
2.50
4.47
9.73
0.00
1.10
0.00
0.00
0.00
0.00
0.00
0.00
0.00
0.00
0.00
0.00
0.10
1.70
2.50
0.00
19.20
0.10
3.20
3.60
0.90
0.10
0.00
0.00
0.00
0.00
0.00
0.00
0.00
2.10
0.00
0.00
0.00
0.00
0.90
0.00
0.80
0.00
0.50
0.00
0.90
0.10
0.70
0.00
0.00
0.06
0.14
0.00
0.00
0.00
0.00
3.90
0.00
0.00
0.00
0.00
0.00
0.00
0.00
0.00
0.00
1.40
0.00
0.00
0.90
0.00
0.00
0.00
0.00
0.00
0.00
0.00
0.00
0.00
0.00
0.00
0.00
1.90
0.00
0.00
0.00
0.00
0.00
0.00
0.00
0.00
0.00
0.00
0.00
0.00
0.00
0.00
0.00
0.00
0.00
0.00
0.00
0.60
0.00
0.00
0.00
0.00
0.00
0.00
0.00
0.00
7.60
0.00
0.00
0.00
0.00
0.00
0.00
52.90
3.60
1.20
0.00
0.00
0.00
24.40
0.10
0.00
0.00
0.40
0.00
0.00
8.50
0.00
22.50
4.50
0.00
0.10
0.10
0.00
0.00
0.00
0.00
0.00
0.00
0.00
0.00
0.00
0.00
0.00
0.00
0.00
0.00
0.00
0.00
0.00
0.00
0.00
0.00
0.00
0.00
0.00
0.00
0.00
0.00
0.00
2.20
0.10
0.00
0.00
0.00
0.00
0.00
0.00
0.00
0.00
0.00
2.03
14.57
0.10
0.00
0.00
0.00
0.00
5.30
0.00
0.00
0.00
0.00
0.00
0.00
0.00
0.00
0.00
0.00
0.00
0.00
0.00
0.00
0.00
0.00
0.00
0.00
0.00
0.00
0.00
0.00
0.00
0.00
0.00
0.00
0.00
0.00
9.60
0.00
0.00
0.00
0.00
0.00
0.00
0.10
0.00
0.00
0.00
0.00
2.03
0.48
0.10
0.00
0.00
0.10
0.00
0.10
0.00
0.00
0.10
0.00
0.00
0.00
0.00
0.00
0.00
0.00
0.00
0.00
0.00
0.00
0.00
0.00
0.00
0.00
0.00
0.00
0.10
0.00
0.30
1.70
0.00
1.40
0.00
0.00
0.00
0.10
0.10
0.00
0.00
0.10
0.10
4.40
7.00
0.10
0.00
0.00
0.10
0.10
0.00
0.10
1.70
0.00
0.00
0.30
0.10
1.00
0.00
0.00
0.00
0.00
0.00
0.00
0.00
0.00
0.00
0.00
0.00
0.00
0.00
0.00
0.00
0.00
0.00
5.80
7.80
0.00
0.00
0.00
0.00
0.00
0.00
0.00
0.10
0.00
0.30
0.00
0.00
0.00
3.70
0.40
0.40
0.00
0.00
0.00
1.05
3.05
0.10
0.00
0.00
0.00
0.00
0.00
0.00
0.10
0.00
0.30
0.00
0.00
0.00
0.00
0.00
0.00
0.00
0.00
0.00
0.00
0.00
0.00
0.00
0.00
0.00
8.50
1.80
0.00
0.00
0.00
0.00
0.00
0.00
7.30
0.50
0.00
0.00
0.00
0.00
0.00
0.00
0.40
0.10
1.90
0.50
14.30
0.10
0.00
0.00
0.00
0.00
6.20
5.90
0.10
14.10
0.10
0.00
1.70
0.00
0.00
0.00
0.00
0.20
0.00
0.00
0.00
0.00
0.00
0.00
0.00
0.00
0.00
0.00
17.60
0.00
0.00
0.00
0.00
0.00
0.00
0.00
0.00
0.00
0.00
11.00
0.00
13.10
0.00
4.00
17.80
0.20
8.80
0.00
0.00
10.10
0.10
2.90
0.40
0.30
0.00
46.10
1.10
0.05
0.65
8.70
1.90
16.40
0.00
0.00
0.00
0.00
8.90
0.20
0.00
0.00
0.00
0.00
0.00
0.00
0.00
0.00
0.50
18.20
0.00
0.00
0.00
0.00
0.00
0.00
0.00
0.00
0.00
0.00
0.00
0.00
0.00
1.00
19.60
0.10
0.00
0.00
0.00
0.00
0.00
0.00
0.00
0.00
0.00
0.00
0.00
0.00
0.00
0.00
0.00
0.00
0.00
0.00
0.00
0.00
0.00
0.00
0.90
0.00
0.00
0.00
0.00
0.00
0.00
0.00
0.00
9.50
0.10
0.00
0.00
0.00
0.00
0.00
0.00
5.50
0.10
0.00
0.10
0.00
0.00
9.60
0.00
0.00
14.60
0.10
0.00
0.00
0.00
0.00
1.90
0.00
0.00
0.00
0.00
3.90
0.00
0.00
0.00
0.00
0.00
0.00
0.00
26.80
0.00
0.00
6.90
6.20
0.00
0.00
1.52
0.57
0.00
0.00
0.00
0.00
0.00
0.00
0.00
0.00
0.00
0.30
0.70
0.00
0.00
0.00
0.00
0.00
0.00
0.00
0.00
0.00
0.00
0.00
0.00
0.00
0.00
3.80
0.00
0.00
0.00
0.00
23.80
30.50
0.10
23.40
13.10
31.90
0.00
0.00
0.00
0.00
0.00
0.50
0.00
0.00
0.00
3.20
0.00
0.10
0.00
0.00
0.00
0.00
0.00
0.00
0.00
0.00
0.00
0.00
0.00
0.00
0.00
2.80
1.70
0.10
0.00
0.00
0.00
0.00
0.00
0.00
0.00
0.10
10.30
2.60
0.10
0.10
7.01
2.49
0.40
0.30
0.00
0.10
0.00
0.00
0.00
0.10
0.10
0.10
0.00
12.35
11.47
1.07
3.10
0.00
1.30
0.00
0.40
0.00
0.00
0.20
2.55
1.25
0.10
4.60
13.00
0.00
0.00
0.10
0.00
0.00
0.00
0.00
0.00
0.90
0.00
0.10
0.70
0.00
0.00
0.00
0.00
0.00
0.00
0.00
0.00
19.85
8.85
2.70
8.40
0.00
0.00
9.10
0.00
0.00
0.00
0.00
0.00
0.10
0.00
0.10
0.00
0.00
0.00
0.00
0.00
0.00
0.00
0.00
0.00
0.00
0.00
0.00
0.00
0.10
2.60
6.70
0.10
3.80
0.00
0.00
0.00
0.00
0.00
0.30
0.00
0.00
0.00
0.00
0.00
0.00
0.00
0.00
0.00
0.00
0.00
0.00
0.00
0.00
0.00
0.00
0.00
16.30
7.50
1.30
15.03
0.37
5.30
1.50
0.00
0.00
0.00
22.00
1.80
0.00
2.00
7.00
4.90
0.10
0.00
7.30
0.40
0.00
0.50
0.00
1.90
0.00
0.00
0.00
0.00
0.00
6.10
0.00
0.00
0.00
7.84
3.66
0.00
0.00
0.00
0.00
0.00
0.00
0.00
0.21
0.19
0.10
0.00
0.00
2.40
0.00
0.00
0.00
0.00
0.00
0.00
0.00
0.00
0.00
0.00
0.00
0.00
0.00
0.00
0.00
0.00
3.30
0.00
0.00
0.00
0.00
4.70
0.00
0.00
0.00
0.00
0.00
0.00
0.00
0.00
0.00
0.00
0.00
0.00
0.00
2.80
0.80
0.00
0.00
0.00
0.00
0.50
0.00
0.00
0.00
0.00
0.00
0.00
0.00
0.00
0.00
0.00
1.20
8.30
0.40
0.80
0.00
0.00
0.00
0.00
2.70
0.00
0.00
0.00
0.00
0.00
0.00
0.30
1.60
0.00
0.00
0.00
0.00
0.00
0.00
0.00
0.00
0.00
0.30
0.00
0.00
0.00
0.00
0.00
0.10
1.00
34.20
0.10
0.00
0.00
0.00
0.00
0.00
0.00
0.00
0.00
0.00
0.00
0.00
0.00
0.00
0.00
1.00
6.00
0.00
0.00
0.00
0.00
0.00
0.00
0.00
0.00
0.00
0.00
0.00
0.00
0.00
0.00
0.00
0.00
0.20
3.00
6.50
0.00
0.00
11.40
0.10
0.00
0.00
0.00
0.00
0.00
0.00
0.00
0.00
0.00
0.00
0.00
1.40
25.40
0.10
0.00
0.00
0.00
0.00
0.00
0.30
0.00
0.00
0.00
0.00
0.00
0.00
0.00
0.00
0.00
0.00
0.00
32.20
23.80
13.90
0.00
0.00
0.00
0.00
0.00
0.00
0.00
0.00
0.00
0.00
0.00
0.00
0.00
0.00
0.00
0.10
0.00
0.00
0.00
0.00
0.00
0.00
0.00
0.00
0.00
0.00
0.00
0.00
0.00
0.00
0.30
0.00
0.00
0.00
0.50
0.60
0.00
0.40
0.00
0.00
0.30
0.10
0.00
0.00
0.00
0.00
0.00
0.00
0.00
0.00
0.00
0.00
1.00
0.00
0.10
0.00
0.00
0.10
0.00
8.30
20.20
7.02
10.08
0.00
6.00
0.00
0.00
0.10
0.00
0.30
0.00
0.00
0.00
4.65
8.65
0.00
8.50
1.70
0.00
0.00
0.00
3.80
0.04
7.96
0.00
0.00
0.00
0.27
0.13
0.00
0.00
0.00
0.00
0.10
7.40
0.00
0.00
0.00
0.00
0.00
0.00
0.00
0.00
0.00
7.50
0.00
0.00
0.00
11.10
9.30
0.10
0.00
0.00
0.00
0.00
4.17
2.03
0.60
8.20
13.10
0.00
2.60
0.70
0.00
0.00
0.00
0.00
0.60
0.00
0.00
2.13
12.57
0.10
1.10
0.00
7.50
13.10
9.60
0.00
0.00
0.00
0.10
0.00
0.00
0.00
0.10
0.00
0.00
0.00
5.50
11.40
0.00
0.00
0.20
0.10
0.00
0.00
0.00
1.40
0.00
0.00
0.00
0.00
6.70
0.00
0.30
1.00
0.10
0.00
0.00
0.00
3.60
0.00
1.10
0.00
0.00
0.00
1.80
0.00
0.00
0.00
0.00
0.80
0.00
0.00
1.10
0.10
0.00
0.00
0.00
6.10
0.14
64.41
9.25
0.10
0.00
0.70
3.60
1.50
0.00
0.10
1.70
4.70
0.00
0.00
0.00
0.00
0.00
0.00
0.00
0.00
0.00
0.00
0.00
0.00
0.00
0.00
1.50
0.00
0.00
0.00
0.00
0.00
0.00
0.00
0.00
2.50
0.00
0.00
17.10
4.10
11.60
0.00
0.00
23.00
0.00
1.80
0.00
0.00
0.00
0.00
0.00
0.00
0.00
0.00
0.00
0.00
0.00
12.60
26.20
0.10
0.00
0.00
0.00
9.70
0.00
0.00
0.00
0.00
0.00
0.00
0.00
0.00
0.00
0.00
0.00
0.00
0.00
0.00
0.00
0.00
0.00
0.00
2.20
0.00
0.00
0.00
0.00
0.00
5.60
0.00
0.00
0.00
13.30
0.00
0.00
0.00
0.00
0.00
0.00
0.00
0.00
0.00
18.90
0.00
0.00
0.00
0.00
0.00
0.00
12.70
0.00
0.00
0.00
0.00
0.00
0.00
0.00
0.00
0.00
0.00
0.00
0.00
0.00
0.00
0.00
0.00
0.00
0.95
7.05
0.10
0.00
0.00
0.00
0.00
0.00
0.00
0.00
0.00
27.60
0.20
0.00
1.10
0.50
0.00
7.00
0.00
0.00
0.00
0.00
0.00
0.00
0.00
0.00
0.00
0.00
1.50
0.00
0.00
0.00
0.00
4.30
50.10
6.40
1.30
2.60
0.00
0.00
0.00
0.00
0.00
0.00
0.00
0.00
0.00
0.00
0.00
0.00
0.00
0.00
0.00
0.00
0.50
3.50
0.00
0.00
0.00
0.00
0.00
0.00
0.00
1.10
0.00
0.00
0.00
0.00
0.00
0.00
1.20
0.00
0.90
0.00
0.00
3.30
0.00
0.00
0.00
0.10
0.10
0.20
0.10
0.00
0.00
13.50
0.10
0.10
0.00
0.10
0.00
0.00
0.00
2.80
0.00
0.00
0.00
0.10
0.00
0.10
0.10
0.00
0.00
0.00
0.30
0.10
9.00
3.20
0.40
0.00
0.00
0.00
0.00
0.00
0.00
0.10
0.00
0.00
0.00
0.00
0.10
0.00
0.00
0.10
0.00
0.00
0.00
0.00
0.00
0.00
0.00
0.00
0.10
0.00
0.00
0.00
0.00
0.10
0.00
0.00
0.00
0.00
0.00
0.20
29.80
0.10
0.00
0.40
0.00
0.00
0.00
0.00
0.00
0.00
0.00
0.10
0.00
0.00
0.00
0.00
0.00
0.10
0.00
0.00
5.50
0.00
1.60
0.10
0.00
0.00
0.00
0.00
0.00
0.00
0.00
0.20
0.10
0.00
6.60
0.40
0.00
0.00
0.00
0.00
0.00
0.00
0.00
54.40
0.10
7.40
28.70
0.10
0.00
0.00
0.00
0.00
0.50
0.00
0.00
0.00
0.00
0.00
1.70
0.00
15.90
0.30
-99.00
-99.00
-99.00
-99.00
-99.00
-99.00
-99.00
-99.00
-99.00
-99.00
-99.00
-99.00
-99.00
-99.00
-99.00
-99.00
-99.00
-99.00
-99.00
-99.00
-99.00
-99.00
-99.00
-99.00
-99.00
-99.00
-99.00
-99.00
-99.00
-99.00
-99.00
-99.00
-99.00
-99.00
-99.00
-99.00
-99.00
-99.00
-99.00
-99.00
-99.00
-99.00
-99.00
-99.00
-99.00
-99.00
-99.00
-99.00
-99.00
-99.00
-99.00
-99.00
-99.00
-99.00
-99.00
-99.00
-99.00
-99.00
-99.00
-99.00
-99.00
-99.00
-99.00
-99.00
-99.00
-99.00
-99.00
-99.00
-99.00
-99.00
-99.00
-99.00
-99.00
-99.00
-99.00
-99.00
-99.00
-99.00
-99.00
-99.00
-99.00
-99.00
-99.00
-99.00
-99.00
-99.00
-99.00
-99.00
-99.00
-99.00
-99.00
-99.00
-99.00
-99.00
-99.00
-99.00
-99.00
-99.00
-99.00
-99.00
-99.00
-99.00
-99.00
-99.00
-99.00
-99.00
-99.00
-99.00
-99.00
-99.00
-99.00
-99.00
-99.00
-99.00
-99.00
-99.00
-99.00
-99.00
-99.00
-99.00
-99.00
-99.00
-99.00
-99.00
-99.00
-99.00
-99.00
-99.00
-99.00
-99.00
-99.00
-99.00
-99.00
-99.00
-99.00
-99.00
-99.00
-99.00
-99.00
-99.00
-99.00
-99.00
-99.00
-99.00
-99.00
-99.00
-99.00
-99.00
-99.00
-99.00
-99.00
-99.00
-99.00
-99.00
-99.00
-99.00
-99.00
-99.00
-99.00
-99.00
-99.00
-99.00
-99.00
-99.00
-99.00
-99.00
-99.00
-99.00
-99.00
-99.00
-99.00
-99.00
-99.00
-99.00
-99.00
-99.00
-99.00
-99.00
-99.00
-99.00
-99.00
-99.00
-99.00
-99.00
-99.00
-99.00
-99.00
-99.00
-99.00
-99.00
-99.00
-99.00
-99.00
-99.00
-99.00
-99.00
-99.00
-99.00
-99.00
-99.00
-99.00
-99.00
-99.00
-99.00
-99.00
-99.00
-99.00
-99.00
-99.00
-99.00
-99.00
-99.00
-99.00
-99.00
-99.00
-99.00
-99.00
-99.00
-99.00
-99.00
-99.00
-99.00
-99.00
-99.00
-99.00
-99.00
-99.00
-99.00
-99.00
-99.00
-99.00
-99.00
-99.00
-99.00
-99.00
-99.00
-99.00
-99.00
-99.00
-99.00
-99.00
-99.00
-99.00
-99.00
-99.00
-99.00
-99.00
-99.00
-99.00
-99.00
-99.00
-99.00
-99.00
-99.00
-99.00
-99.00
-99.00
-99.00
-99.00
-99.00
-99.00
-99.00
-99.00
-99.00
-99.00
-99.00
-99.00
-99.00
-99.00
-99.00
-99.00
-99.00
-99.00
-99.00
-99.00
-99.00
-99.00
-99.00
-99.00
-99.00
-99.00
-99.00
-99.00
-99.00
-99.00
-99.00
-99.00
-99.00
-99.00
-99.00
-99.00
-99.00
-99.00
-99.00
-99.00
-99.00
-99.00
-99.00
-99.00
-99.00
-99.00
-99.00
-99.00
-99.00
-99.00
-99.00
-99.00
-99.00
-99.00
-99.00
-99.00
-99.00
-99.00
-99.00
-99.00
-99.00
-99.00
-99.00
-99.00
-99.00
-99.00
-99.00
-99.00
-99.00
-99.00
-99.00
-99.00
-99.00
-99.00
-99.00
-99.00
-99.00
-99.00
-99.00
-99.00
-99.00
-99.00
-99.00
-99.00
-99.00
-99.00
-99.00
-99.00
-99.00
-99.00
-99.00
-99.00
-99.00
-99.00
-99.00
-99.00
-99.00
-99.00
-99.00
-99.00
-99.00
-99.00
-99.00
-99.00
-99.00
-99.00
-99.00
-99.00
-99.00
-99.00
-99.00
-99.00
-99.00
-99.00
-99.00
-99.00
-99.00
-99.00
-99.00
-99.00
-99.00
-99.00
-99.00
-99.00
-99.00
-99.00
-99.00
-99.00
-99.00
-99.00
-99.00
-99.00
-99.00
-99.00
-99.00
-99.00
-99.00
-99.00
-99.00
-99.00
-99.00
-99.00
-99.00
-99.00
-99.00
-99.00
-99.00
-99.00
-99.00
-99.00
-99.00
-99.00
-99.00
-99.00
-99.00
-99.00
-99.00
-99.00
-99.00
-99.00
-99.00
-99.00
-99.00
-99.00
-99.00
-99.00
-99.00
-99.00
-99.00
-99.00
-99.00
-99.00
-99.00
-99.00
-99.00
-99.00
-99.00
-99.00
-99.00
-99.00
-99.00
-99.00
-99.00
-99.00
-99.00
-99.00
-99.00
-99.00
-99.00
-99.00
-99.00
-99.00
-99.00
-99.00
-99.00
-99.00
-99.00
-99.00
-99.00
-99.00
-99.00
-99.00
-99.00
-99.00
-99.00
-99.00
-99.00
-99.00
-99.00
-99.00
-99.00
-99.00
-99.00
-99.00
-99.00
-99.00
-99.00
-99.00
-99.00
-99.00
-99.00
-99.00
-99.00
-99.00
-99.00
-99.00
-99.00
-99.00
-99.00
-99.00
-99.00
-99.00
-99.00
-99.00
-99.00
-99.00
-99.00
-99.00
-99.00
-99.00
-99.00
-99.00
-99.00
-99.00
-99.00
-99.00
-99.00
-99.00
-99.00
-99.00
-99.00
-99.00
-99.00
-99.00
-99.00
-99.00
-99.00
-99.00
-99.00
-99.00
-99.00
-99.00
-99.00
-99.00
-99.00
-99.00
-99.00
-99.00
-99.00
-99.00
-99.00
-99.00
-99.00
-99.00
-99.00
-99.00
-99.00
-99.00
-99.00
-99.00
-99.00
-99.00
-99.00
-99.00
-99.00
-99.00
-99.00
-99.00
-99.00
-99.00
-99.00
-99.00
-99.00
-99.00
-99.00
-99.00
-99.00
-99.00
-99.00
-99.00
-99.00
-99.00
-99.00
-99.00
-99.00
-99.00
-99.00
-99.00
-99.00
-99.00
-99.00
-99.00
-99.00
-99.00
-99.00
-99.00
-99.00
-99.00
-99.00
-99.00
-99.00
-99.00
-99.00
-99.00
-99.00
-99.00
-99.00
-99.00
-99.00
-99.00
-99.00
-99.00
-99.00
-99.00
-99.00
-99.00
-99.00
-99.00
-99.00
-99.00
-99.00
-99.00
-99.00
-99.00
-99.00
-99.00
-99.00
-99.00
-99.00
-99.00
-99.00
-99.00
-99.00
-99.00
-99.00
-99.00
-99.00
-99.00
-99.00
-99.00
-99.00
-99.00
-99.00
-99.00
-99.00
-99.00
-99.00
-99.00
-99.00
-99.00
-99.00
-99.00
-99.00
-99.00
-99.00
-99.00
-99.00
-99.00
-99.00
-99.00
-99.00
-99.00
-99.00
-99.00
-99.00
-99.00
-99.00
-99.00
-99.00
-99.00
-99.00
-99.00
-99.00
-99.00
-99.00
-99.00
-99.00
-99.00
-99.00
-99.00
-99.00
-99.00
-99.00
-99.00
-99.00
-99.00
-99.00
-99.00
-99.00
-99.00
-99.00
-99.00
-99.00
-99.00
-99.00
-99.00
-99.00
-99.00
-99.00
-99.00
-99.00
-99.00
-99.00
-99.00
-99.00
-99.00
-99.00
-99.00
-99.00
-99.00
-99.00
-99.00
-99.00
-99.00
-99.00
-99.00
-99.00
-99.00
-99.00
-99.00
-99.00
-99.00
-99.00
-99.00
-99.00
-99.00
-99.00
-99.00
-99.00
-99.00
-99.00
-99.00
-99.00
-99.00
-99.00
-99.00
-99.00
-99.00
-99.00
-99.00
-99.00
-99.00
-99.00
-99.00
-99.00
-99.00
-99.00
-99.00
-99.00
-99.00
-99.00
-99.00
-99.00
-99.00
-99.00
-99.00
-99.00
-99.00
-99.00
-99.00
-99.00
-99.00
-99.00
-99.00
-99.00
-99.00
-99.00
-99.00
-99.00
-99.00
-99.00
-99.00
-99.00
-99.00
-99.00
-99.00
-99.00
-99.00
-99.00
-99.00
-99.00
-99.00
-99.00
-99.00
-99.00
-99.00
-99.00
-99.00
-99.00
-99.00
-99.00
-99.00
-99.00
-99.00
-99.00
-99.00
-99.00
-99.00
-99.00
-99.00
-99.00
-99.00
-99.00
-99.00
-99.00
-99.00
-99.00
-99.00
-99.00
-99.00
-99.00
-99.00
-99.00
-99.00
-99.00
-99.00
-99.00
-99.00
-99.00
-99.00
-99.00
-99.00
-99.00
-99.00
-99.00
-99.00
-99.00
-99.00
-99.00
-99.00
-99.00
-99.00
-99.00
-99.00
-99.00
-99.00
-99.00
-99.00
-99.00
-99.00
-99.00
-99.00
-99.00
-99.00
-99.00
-99.00
-99.00
-99.00
-99.00
-99.00
-99.00
-99.00
-99.00
-99.00
-99.00
-99.00
-99.00
-99.00
-99.00
-99.00
-99.00
-99.00
-99.00
-99.00
-99.00
-99.00
-99.00
-99.00
-99.00
-99.00
-99.00
-99.00
-99.00
-99.00
-99.00
-99.00
-99.00
-99.00
-99.00
-99.00
-99.00
-99.00
-99.00
-99.00
-99.00
-99.00
-99.00
-99.00
-99.00
-99.00
-99.00
-99.00
-99.00
-99.00
-99.00
-99.00
-99.00
-99.00
-99.00
-99.00
-99.00
-99.00
-99.00
-99.00
-99.00
-99.00
-99.00
-99.00
-99.00
-99.00
-99.00
-99.00
-99.00
-99.00
-99.00
-99.00
-99.00
-99.00
-99.00
-99.00
-99.00
-99.00
-99.00
-99.00
-99.00
-99.00
-99.00
-99.00
-99.00
-99.00
-99.00
-99.00
-99.00
-99.00
-99.00
-99.00
-99.00
-99.00
-99.00
-99.00
-99.00
-99.00
-99.00
-99.00
-99.00
-99.00
-99.00
-99.00
-99.00
-99.00
-99.00
-99.00
-99.00
-99.00
-99.00
-99.00
-99.00
-99.00
-99.00
-99.00
-99.00
-99.00
-99.00
-99.00
-99.00
-99.00
-99.00
-99.00
-99.00
-99.00
-99.00
-99.00
-99.00
-99.00
-99.00
-99.00
-99.00
-99.00
-99.00
-99.00
-99.00
-99.00
-99.00
-99.00
-99.00
-99.00
-99.00
-99.00
-99.00
-99.00
-99.00
-99.00
-99.00
-99.00
-99.00
-99.00
-99.00
-99.00
-99.00
-99.00
-99.00
-99.00
-99.00
-99.00
-99.00
-99.00
-99.00
-99.00
-99.00
-99.00
-99.00
-99.00
-99.00
-99.00
-99.00
-99.00
-99.00
-99.00
-99.00
-99.00
-99.00
-99.00
-99.00
-99.00
-99.00
-99.00
-99.00
-99.00
-99.00
-99.00
-99.00
-99.00
-99.00
-99.00
-99.00
-99.00
-99.00
-99.00
-99.00
-99.00
-99.00
-99.00
-99.00
-99.00
-99.00
-99.00
-99.00
-99.00
-99.00
-99.00
-99.00
-99.00
-99.00
-99.00
-99.00
-99.00
-99.00
-99.00
-99.00
-99.00
-99.00
-99.00
-99.00
-99.00
-99.00
-99.00
-99.00
-99.00
-99.00
-99.00
-99.00
-99.00
-99.00
-99.00
-99.00
-99.00
-99.00
-99.00
-99.00
-99.00
-99.00
-99.00
-99.00
-99.00
-99.00
-99.00
-99.00
-99.00
-99.00
-99.00
-99.00
-99.00
-99.00
-99.00
-99.00
-99.00
-99.00
-99.00
-99.00
-99.00
-99.00
-99.00
-99.00
-99.00
-99.00
-99.00
-99.00
-99.00
-99.00
-99.00
-99.00
-99.00
-99.00
-99.00
-99.00
-99.00
-99.00
-99.00
-99.00
-99.00
-99.00
-99.00
-99.00
-99.00
-99.00
-99.00
-99.00
-99.00
-99.00
-99.00
-99.00
-99.00
-99.00
-99.00
-99.00
-99.00
-99.00
-99.00
-99.00
-99.00
-99.00
-99.00
-99.00
-99.00
-99.00
-99.00
-99.00
-99.00
-99.00
-99.00
-99.00
-99.00
-99.00
-99.00
-99.00
-99.00
-99.00
-99.00
-99.00
-99.00
-99.00
-99.00
-99.00
-99.00
-99.00
-99.00
-99.00
-99.00
-99.00
-99.00
-99.00
-99.00
-99.00
-99.00
-99.00
-99.00
-99.00
-99.00
-99.00
-99.00
-99.00
-99.00
-99.00
-99.00
-99.00
-99.00
-99.00
-99.00
-99.00
-99.00
-99.00
-99.00
-99.00
-99.00
-99.00
-99.00
-99.00
-99.00
-99.00
-99.00
-99.00
-99.00
-99.00
-99.00
-99.00
-99.00
-99.00
-99.00
-99.00
-99.00
-99.00
-99.00
-99.00
-99.00
-99.00
-99.00
-99.00
-99.00
-99.00
-99.00
-99.00
-99.00
-99.00
-99.00
-99.00
-99.00
-99.00
-99.00
-99.00
-99.00
-99.00
-99.00
-99.00
-99.00
-99.00
-99.00
-99.00
-99.00
-99.00
-99.00
-99.00
-99.00
-99.00
-99.00
-99.00
-99.00
-99.00
-99.00
-99.00
-99.00
-99.00
-99.00
-99.00
-99.00
-99.00
-99.00
-99.00
-99.00
-99.00
-99.00
-99.00
-99.00
-99.00
-99.00
-99.00
-99.00
-99.00
-99.00
-99.00
-99.00
-99.00
-99.00
-99.00
-99.00
-99.00
-99.00
-99.00
-99.00
-99.00
-99.00
-99.00
-99.00
-99.00
-99.00
-99.00
-99.00
-99.00
-99.00
-99.00
-99.00
-99.00
-99.00
-99.00
-99.00
-99.00
-99.00
-99.00
-99.00
-99.00
-99.00
-99.00
-99.00
-99.00
-99.00
-99.00
-99.00
-99.00
-99.00
-99.00
-99.00
-99.00
-99.00
-99.00
-99.00
-99.00
-99.00
-99.00
-99.00
-99.00
-99.00
-99.00
-99.00
-99.00
-99.00
-99.00
-99.00
-99.00
-99.00
-99.00
-99.00
-99.00
-99.00
-99.00
-99.00
-99.00
-99.00
-99.00
-99.00
-99.00
-99.00
-99.00
-99.00
-99.00
-99.00
-99.00
-99.00
-99.00
-99.00
-99.00
-99.00
-99.00
-99.00
-99.00
-99.00
-99.00
-99.00
-99.00
-99.00
-99.00
-99.00
-99.00
-99.00
-99.00
-99.00
-99.00
-99.00
-99.00
-99.00
-99.00
-99.00
-99.00
-99.00
-99.00
-99.00
-99.00
-99.00
-99.00
-99.00
-99.00
-99.00
-99.00
-99.00
-99.00
-99.00
-99.00
-99.00
-99.00
-99.00
-99.00
-99.00
-99.00
-99.00
-99.00
-99.00
-99.00
-99.00
-99.00
-99.00
-99.00
-99.00
-99.00
-99.00
-99.00
-99.00
-99.00
-99.00
-99.00
-99.00
-99.00
-99.00
-99.00
-99.00
-99.00
-99.00
-99.00
-99.00
-99.00
-99.00
-99.00
-99.00
-99.00
-99.00
-99.00
-99.00
-99.00
-99.00
-99.00
-99.00
-99.00
-99.00
-99.00
-99.00
-99.00
-99.00
-99.00
-99.00
-99.00
-99.00
-99.00
-99.00
-99.00
-99.00
-99.00
-99.00
-99.00
-99.00
-99.00
-99.00
-99.00
-99.00
-99.00
-99.00
-99.00
-99.00
-99.00
-99.00
-99.00
-99.00
-99.00
-99.00
-99.00
-99.00
-99.00
-99.00
-99.00
-99.00
-99.00
-99.00
-99.00
-99.00
-99.00
-99.00
-99.00
-99.00
-99.00
-99.00
-99.00
-99.00
-99.00
-99.00
-99.00
-99.00
-99.00
-99.00
-99.00
-99.00
-99.00
-99.00
-99.00
-99.00
-99.00
-99.00
-99.00
-99.00
-99.00
-99.00
-99.00
-99.00
-99.00
-99.00
-99.00
-99.00
-99.00
-99.00
-99.00
-99.00
-99.00
-99.00
-99.00
-99.00
-99.00
-99.00
-99.00
-99.00
-99.00
-99.00
-99.00
-99.00
-99.00
-99.00
-99.00
-99.00
-99.00
-99.00
-99.00
-99.00
-99.00
-99.00
-99.00
-99.00
-99.00
-99.00
-99.00
-99.00
-99.00
-99.00
-99.00
-99.00
-99.00
-99.00
-99.00
-99.00
-99.00
-99.00
-99.00
-99.00
-99.00
-99.00
-99.00
-99.00
-99.00
-99.00
-99.00
-99.00
-99.00
-99.00
-99.00
-99.00
-99.00
-99.00
-99.00
-99.00
-99.00
-99.00
-99.00
-99.00
-99.00
-99.00
-99.00
-99.00
-99.00
-99.00
-99.00
-99.00
-99.00
-99.00
-99.00
-99.00
-99.00
-99.00
-99.00
-99.00
-99.00
-99.00
-99.00
-99.00
-99.00
-99.00
-99.00
-99.00
-99.00
-99.00
-99.00
-99.00
-99.00
-99.00
-99.00
-99.00
-99.00
-99.00
-99.00
-99.00
-99.00
-99.00
-99.00
-99.00
-99.00
-99.00
-99.00
-99.00
-99.00
-99.00
-99.00
-99.00
-99.00
-99.00
-99.00
-99.00
-99.00
-99.00
-99.00
-99.00
-99.00
-99.00
-99.00
-99.00
-99.00
-99.00
-99.00
-99.00
-99.00
-99.00
-99.00
-99.00
-99.00
-99.00
-99.00
-99.00
-99.00
-99.00
-99.00
-99.00
-99.00
-99.00
-99.00
-99.00
-99.00
-99.00
-99.00
-99.00
-99.00
-99.00
-99.00
-99.00
-99.00
-99.00
-99.00
-99.00
-99.00
-99.00
-99.00
-99.00
-99.00
-99.00
-99.00
-99.00
-99.00
-99.00
-99.00
-99.00
-99.00
-99.00
-99.00
-99.00
-99.00
-99.00
-99.00
-99.00
-99.00
-99.00
-99.00
-99.00
-99.00
-99.00
-99.00
-99.00
-99.00
-99.00
-99.00
-99.00
-99.00
-99.00
-99.00
-99.00
-99.00
-99.00
-99.00
-99.00
-99.00
-99.00
-99.00
-99.00
-99.00
-99.00
-99.00
-99.00
-99.00
-99.00
-99.00
-99.00
-99.00
-99.00
-99.00
-99.00
-99.00
-99.00
-99.00
-99.00
-99.00
-99.00
-99.00
-99.00
-99.00
-99.00
-99.00
-99.00
-99.00
-99.00
-99.00
-99.00
-99.00
-99.00
-99.00
-99.00
-99.00
-99.00
-99.00
-99.00
-99.00
-99.00
-99.00
-99.00
-99.00
-99.00
-99.00
-99.00
-99.00
-99.00
-99.00
-99.00
-99.00
-99.00
-99.00
-99.00
-99.00
-99.00
-99.00
-99.00
-99.00
-99.00
-99.00
-99.00
-99.00
-99.00
-99.00
-99.00
-99.00
-99.00
-99.00
-99.00
-99.00
-99.00
-99.00
-99.00
-99.00
-99.00
-99.00
-99.00
-99.00
-99.00
-99.00
-99.00
-99.00
-99.00
-99.00
-99.00
-99.00
-99.00
-99.00
-99.00
-99.00
-99.00
-99.00
-99.00
-99.00
-99.00
-99.00
-99.00
-99.00
-99.00
-99.00
-99.00
-99.00
-99.00
-99.00
-99.00
-99.00
-99.00
-99.00
-99.00
-99.00
-99.00
-99.00
-99.00
-99.00
-99.00
-99.00
-99.00
-99.00
-99.00
-99.00
-99.00
-99.00
-99.00
-99.00
-99.00
-99.00
-99.00
-99.00
-99.00
-99.00
-99.00
-99.00
-99.00
-99.00
-99.00
-99.00
-99.00
-99.00
-99.00
-99.00
-99.00
-99.00
-99.00
-99.00
-99.00
-99.00
-99.00
-99.00
-99.00
-99.00
-99.00
-99.00
-99.00
-99.00
-99.00
-99.00
-99.00
-99.00
-99.00
-99.00
-99.00
-99.00
-99.00
-99.00
-99.00
-99.00
-99.00
-99.00
-99.00
-99.00
-99.00
-99.00
-99.00
-99.00
-99.00
-99.00
-99.00
-99.00
-99.00
-99.00
-99.00
-99.00
-99.00
-99.00
-99.00
-99.00
-99.00
-99.00
-99.00
-99.00
-99.00
-99.00
-99.00
-99.00
-99.00
-99.00
-99.00
-99.00
-99.00
-99.00
-99.00
-99.00
-99.00
-99.00
-99.00
-99.00
-99.00
-99.00
-99.00
-99.00
-99.00
-99.00
-99.00
-99.00
-99.00
-99.00
-99.00
-99.00
-99.00
-99.00
-99.00
-99.00
-99.00
-99.00
-99.00
-99.00
-99.00
-99.00
-99.00
-99.00
-99.00
-99.00
-99.00
-99.00
-99.00
-99.00
-99.00
-99.00
-99.00
-99.00
-99.00
-99.00
-99.00
-99.00
-99.00
-99.00
-99.00
-99.00
-99.00
-99.00
-99.00
-99.00
-99.00
-99.00
-99.00
-99.00
-99.00
-99.00
-99.00
-99.00
-99.00
-99.00
-99.00
-99.00
-99.00
-99.00
-99.00
-99.00
-99.00
-99.00
-99.00
-99.00
-99.00
-99.00
-99.00
-99.00
-99.00
-99.00
-99.00
-99.00
-99.00
-99.00
-99.00
-99.00
-99.00
-99.00
-99.00
-99.00
-99.00
-99.00
-99.00
-99.00
-99.00
-99.00
-99.00
-99.00
-99.00
-99.00
-99.00
-99.00
-99.00
-99.00
-99.00
-99.00
-99.00
-99.00
-99.00
-99.00
-99.00
-99.00
-99.00
-99.00
-99.00
-99.00
-99.00
-99.00
-99.00
-99.00
-99.00
-99.00
-99.00
-99.00
-99.00
-99.00
-99.00
-99.00
-99.00
-99.00
-99.00
-99.00
-99.00
-99.00
-99.00
-99.00
-99.00
-99.00
-99.00
-99.00
-99.00
-99.00
-99.00
-99.00
-99.00
-99.00
-99.00
-99.00
-99.00
-99.00
-99.00
-99.00
-99.00
-99.00
-99.00
-99.00
-99.00
-99.00
-99.00
-99.00
-99.00
-99.00
-99.00
-99.00
-99.00
-99.00
-99.00
-99.00
-99.00
-99.00
-99.00
-99.00
-99.00
-99.00
-99.00
-99.00
-99.00
-99.00
-99.00
-99.00
-99.00
-99.00
-99.00
-99.00
-99.00
-99.00
-99.00
-99.00
-99.00
-99.00
-99.00
-99.00
-99.00
-99.00
-99.00
-99.00
-99.00
-99.00
-99.00
-99.00
-99.00
-99.00
-99.00
-99.00
-99.00
-99.00
-99.00
-99.00
-99.00
-99.00
-99.00
-99.00
-99.00
-99.00
-99.00
-99.00
-99.00
-99.00
-99.00
-99.00
-99.00
-99.00
-99.00
-99.00
-99.00
-99.00
-99.00
-99.00
-99.00
-99.00
-99.00
-99.00
-99.00
-99.00
-99.00
-99.00
-99.00
-99.00
-99.00
-99.00
-99.00
-99.00
-99.00
-99.00
-99.00
-99.00
-99.00
-99.00
-99.00
-99.00
-99.00
-99.00
-99.00
-99.00
-99.00
-99.00
-99.00
-99.00
-99.00
-99.00
-99.00
-99.00
-99.00
-99.00
-99.00
-99.00
-99.00
-99.00
-99.00
-99.00
-99.00
-99.00
-99.00
-99.00
-99.00
-99.00
-99.00
-99.00
-99.00
-99.00
-99.00
-99.00
-99.00
-99.00
-99.00
-99.00
-99.00
-99.00
-99.00
-99.00
-99.00
-99.00
-99.00
-99.00
-99.00
-99.00
-99.00
-99.00
-99.00
-99.00
-99.00
-99.00
-99.00
-99.00
-99.00
-99.00
-99.00
-99.00
-99.00
-99.00
-99.00
-99.00
-99.00
-99.00
-99.00
-99.00
-99.00
-99.00
-99.00
-99.00
-99.00
-99.00
-99.00
-99.00
-99.00
-99.00
-99.00
-99.00
-99.00
-99.00
-99.00
-99.00
-99.00
-99.00
-99.00
-99.00
-99.00
-99.00
-99.00
-99.00
-99.00
-99.00
-99.00
-99.00
-99.00
-99.00
-99.00
-99.00
-99.00
-99.00
-99.00
-99.00
-99.00
-99.00
-99.00
-99.00
-99.00
-99.00
-99.00
-99.00
-99.00
-99.00
-99.00
-99.00
-99.00
-99.00
-99.00
-99.00
-99.00
-99.00
-99.00
-99.00
-99.00
-99.00
-99.00
-99.00
-99.00
-99.00
-99.00
-99.00
-99.00
-99.00
-99.00
-99.00
-99.00
-99.00
-99.00
-99.00
-99.00
-99.00
-99.00
-99.00
-99.00
-99.00
-99.00
-99.00
-99.00
-99.00
-99.00
-99.00
-99.00
-99.00
-99.00
-99.00
-99.00
-99.00
-99.00
-99.00
-99.00
-99.00
-99.00
-99.00
-99.00
-99.00
-99.00
-99.00
-99.00
-99.00
-99.00
-99.00
-99.00
-99.00
-99.00
-99.00
-99.00
-99.00
-99.00
-99.00
-99.00
-99.00
-99.00
-99.00
-99.00
-99.00
-99.00
-99.00
-99.00
-99.00
-99.00
-99.00
-99.00
-99.00
-99.00
-99.00
-99.00
-99.00
-99.00
-99.00
-99.00
-99.00
-99.00
-99.00
-99.00
-99.00
-99.00
-99.00
-99.00
-99.00
-99.00
-99.00
-99.00
-99.00
-99.00
-99.00
-99.00
-99.00
-99.00
-99.00
-99.00
-99.00
-99.00
-99.00
-99.00
-99.00
-99.00
-99.00
-99.00
-99.00
-99.00
-99.00
-99.00
-99.00
-99.00
-99.00
-99.00
-99.00
-99.00
-99.00
-99.00
-99.00
-99.00
-99.00
-99.00
-99.00
-99.00
-99.00
-99.00
-99.00
-99.00
-99.00
-99.00
-99.00
-99.00
-99.00
-99.00
-99.00
-99.00
-99.00
-99.00
-99.00
-99.00
-99.00
-99.00
-99.00
-99.00
-99.00
-99.00
-99.00
-99.00
-99.00
-99.00
-99.00
-99.00
-99.00
-99.00
-99.00
-99.00
-99.00
-99.00
-99.00
-99.00
-99.00
-99.00
-99.00
-99.00
-99.00
-99.00
-99.00
-99.00
-99.00
-99.00
-99.00
-99.00
-99.00
-99.00
-99.00
-99.00
-99.00
-99.00
-99.00
-99.00
-99.00
-99.00
-99.00
-99.00
-99.00
-99.00
-99.00
-99.00
-99.00
-99.00
-99.00
-99.00
-99.00
-99.00
-99.00
-99.00
-99.00
-99.00
-99.00
-99.00
-99.00
-99.00
-99.00
-99.00
-99.00
-99.00
-99.00
-99.00
-99.00
-99.00
-99.00
-99.00
-99.00
-99.00
-99.00
-99.00
-99.00
-99.00
-99.00
-99.00
-99.00
-99.00
-99.00
-99.00
-99.00
-99.00
-99.00
-99.00
-99.00
-99.00
-99.00
-99.00
-99.00
-99.00
-99.00
-99.00
-99.00
-99.00
-99.00
-99.00
-99.00
-99.00
-99.00
-99.00
-99.00
-99.00
-99.00
-99.00
-99.00
-99.00
-99.00
-99.00
-99.00
-99.00
-99.00
-99.00
-99.00
-99.00
-99.00
-99.00
-99.00
-99.00
-99.00
-99.00
-99.00
-99.00
-99.00
-99.00
-99.00
-99.00
-99.00
-99.00
-99.00
-99.00
-99.00
-99.00
-99.00
-99.00
-99.00
-99.00
-99.00
-99.00
-99.00
-99.00
-99.00
-99.00
-99.00
-99.00
-99.00
-99.00
-99.00
-99.00
-99.00
-99.00
-99.00
-99.00
-99.00
-99.00
-99.00
-99.00
-99.00
-99.00
-99.00
-99.00
-99.00
-99.00
-99.00
-99.00
-99.00
-99.00
-99.00
-99.00
-99.00
-99.00
-99.00
-99.00
-99.00
-99.00
-99.00
-99.00
-99.00
-99.00
-99.00
-99.00
-99.00
-99.00
-99.00
-99.00
-99.00
-99.00
-99.00
-99.00
-99.00
-99.00
-99.00
-99.00
-99.00
-99.00
-99.00
-99.00
-99.00
-99.00
-99.00
-99.00
-99.00
-99.00
-99.00
-99.00
-99.00
-99.00
-99.00
-99.00
-99.00
-99.00
-99.00
-99.00
-99.00
-99.00
-99.00
-99.00
-99.00
-99.00
-99.00
-99.00
-99.00
-99.00
-99.00
-99.00
-99.00
-99.00
-99.00
-99.00
-99.00
-99.00
-99.00
-99.00
-99.00
-99.00
-99.00
-99.00
-99.00
-99.00
-99.00
-99.00
-99.00
-99.00
-99.00
-99.00
-99.00
-99.00
-99.00
-99.00
-99.00
-99.00
-99.00
-99.00
-99.00
-99.00
-99.00
-99.00
-99.00
-99.00
-99.00
-99.00
-99.00
-99.00
-99.00
-99.00
-99.00
-99.00
-99.00
-99.00
-99.00
-99.00
-99.00
-99.00
-99.00
-99.00
-99.00
-99.00
-99.00
-99.00
-99.00
-99.00
-99.00
-99.00
-99.00
-99.00
-99.00
-99.00
-99.00
-99.00
-99.00
-99.00
-99.00
-99.00
-99.00
-99.00
-99.00
-99.00
-99.00
-99.00
-99.00
-99.00
-99.00
-99.00
-99.00
-99.00
-99.00
-99.00
-99.00
-99.00
-99.00
-99.00
-99.00
-99.00
-99.00
-99.00
-99.00
-99.00
-99.00
-99.00
-99.00
-99.00
-99.00
-99.00
-99.00
-99.00
-99.00
-99.00
-99.00
-99.00
-99.00
-99.00
-99.00
-99.00
-99.00
-99.00
-99.00
-99.00
-99.00
-99.00
-99.00
-99.00
-99.00
-99.00
-99.00
-99.00
-99.00
-99.00
-99.00
-99.00
-99.00
-99.00
-99.00
-99.00
-99.00
-99.00
-99.00
-99.00
-99.00
-99.00
-99.00
-99.00
-99.00
-99.00
-99.00
-99.00
-99.00
-99.00
-99.00
-99.00
-99.00
-99.00
-99.00
-99.00
-99.00
-99.00
-99.00
-99.00
-99.00
-99.00
-99.00
-99.00
-99.00
-99.00
-99.00
-99.00
-99.00
-99.00
-99.00
-99.00
-99.00
-99.00
-99.00
-99.00
-99.00
-99.00
-99.00
-99.00
-99.00
-99.00
-99.00
-99.00
-99.00
-99.00
-99.00
-99.00
-99.00
-99.00
-99.00
-99.00
-99.00
-99.00
-99.00
-99.00
-99.00
-99.00
-99.00
-99.00
-99.00
-99.00
-99.00
-99.00
-99.00
-99.00
-99.00
-99.00
-99.00
-99.00
-99.00
-99.00
-99.00
-99.00
-99.00
-99.00
-99.00
-99.00
-99.00
-99.00
-99.00
-99.00
-99.00
-99.00
-99.00
-99.00
-99.00
-99.00
-99.00
-99.00
-99.00
-99.00
-99.00
-99.00
-99.00
-99.00
-99.00
-99.00
-99.00
-99.00
-99.00
-99.00
-99.00
-99.00
-99.00
-99.00
-99.00
-99.00
-99.00
-99.00
-99.00
-99.00
-99.00
-99.00
-99.00
-99.00
-99.00
-99.00
-99.00
-99.00
-99.00
-99.00
-99.00
-99.00
-99.00
-99.00
-99.00
-99.00
-99.00
-99.00
-99.00
-99.00
-99.00
-99.00
-99.00
-99.00
-99.00
-99.00
-99.00
-99.00
-99.00
-99.00
-99.00
-99.00
-99.00
-99.00
-99.00
-99.00
-99.00
-99.00
-99.00
-99.00
-99.00
-99.00
-99.00
-99.00
-99.00
-99.00
-99.00
-99.00
-99.00
-99.00
-99.00
-99.00
-99.00
-99.00
-99.00
-99.00
-99.00
-99.00
-99.00
-99.00
-99.00
-99.00
-99.00
-99.00
-99.00
-99.00
-99.00
-99.00
-99.00
-99.00
-99.00
-99.00
-99.00
-99.00
-99.00
-99.00
-99.00
-99.00
-99.00
-99.00
-99.00
-99.00
-99.00
-99.00
-99.00
-99.00
-99.00
-99.00
-99.00
-99.00
-99.00
-99.00
-99.00
-99.00
-99.00
-99.00
-99.00
-99.00
-99.00
-99.00
-99.00
-99.00
-99.00
-99.00
-99.00
-99.00
-99.00
-99.00
-99.00
-99.00
-99.00
-99.00
-99.00
-99.00
-99.00
-99.00
-99.00
-99.00
-99.00
-99.00
-99.00
-99.00
-99.00
-99.00
-99.00
-99.00
-99.00
-99.00
-99.00
-99.00
-99.00
-99.00
-99.00
-99.00
-99.00
-99.00
-99.00
-99.00
-99.00
-99.00
-99.00
-99.00
-99.00
-99.00
-99.00
-99.00
-99.00
-99.00
-99.00
-99.00
-99.00
-99.00
-99.00
-99.00
-99.00
-99.00
-99.00
-99.00
-99.00
-99.00
-99.00
-99.00
-99.00
-99.00
-99.00
-99.00
-99.00
-99.00
-99.00
-99.00
-99.00
-99.00
-99.00
-99.00
-99.00
-99.00
-99.00
-99.00
-99.00
-99.00
-99.00
-99.00
-99.00
-99.00
-99.00
-99.00
-99.00
-99.00
-99.00
-99.00
-99.00
-99.00
-99.00
-99.00
-99.00
-99.00
-99.00
-99.00
-99.00
-99.00
-99.00
-99.00
-99.00
-99.00
-99.00
-99.00
-99.00
-99.00
-99.00
-99.00
-99.00
-99.00
-99.00
-99.00
-99.00
-99.00
-99.00
-99.00
-99.00
-99.00
-99.00
-99.00
-99.00
-99.00
-99.00
-99.00
-99.00
-99.00
-99.00
-99.00
-99.00
-99.00
-99.00
-99.00
-99.00
-99.00
-99.00
-99.00
-99.00
-99.00
-99.00
-99.00
-99.00
-99.00
-99.00
-99.00
-99.00
-99.00
-99.00
-99.00
-99.00
-99.00
-99.00
-99.00
-99.00
-99.00
-99.00
-99.00
-99.00
-99.00
-99.00
-99.00
-99.00
-99.00
-99.00
-99.00
-99.00
-99.00
-99.00
-99.00
-99.00
-99.00
-99.00
-99.00
-99.00
-99.00
-99.00
-99.00
-99.00
-99.00
-99.00
-99.00
-99.00
-99.00
-99.00
-99.00
-99.00
-99.00
-99.00
-99.00
-99.00
-99.00
-99.00
-99.00
-99.00
-99.00
-99.00
-99.00
-99.00
-99.00
-99.00
-99.00
-99.00
-99.00
-99.00
-99.00
-99.00
-99.00
-99.00
-99.00
-99.00
-99.00
-99.00
-99.00
-99.00
-99.00
-99.00
-99.00
-99.00
-99.00
-99.00
-99.00
-99.00
-99.00
-99.00
-99.00
-99.00
-99.00
-99.00
-99.00
-99.00
-99.00
-99.00
-99.00
-99.00
-99.00
-99.00
-99.00
-99.00
-99.00
-99.00
-99.00
-99.00
-99.00
-99.00
-99.00
-99.00
-99.00
-99.00
-99.00
-99.00
-99.00
-99.00
-99.00
-99.00
-99.00
-99.00
-99.00
-99.00
-99.00
-99.00
-99.00
-99.00
-99.00
-99.00
-99.00
-99.00
-99.00
-99.00
-99.00
-99.00
-99.00
-99.00
-99.00
-99.00
-99.00
-99.00
-99.00
-99.00
-99.00
-99.00
-99.00
-99.00
-99.00
-99.00
-99.00
-99.00
-99.00
-99.00
-99.00
-99.00
-99.00
-99.00
-99.00
-99.00
-99.00
-99.00
-99.00
-99.00
-99.00
-99.00
-99.00
-99.00
-99.00
-99.00
-99.00
-99.00
-99.00
-99.00
-99.00
-99.00
-99.00
-99.00
-99.00
-99.00
-99.00
-99.00
-99.00
-99.00
-99.00
-99.00
-99.00
-99.00
-99.00
-99.00
-99.00
-99.00
-99.00
-99.00
-99.00
-99.00
-99.00
-99.00
-99.00
-99.00
-99.00
-99.00
-99.00
-99.00
-99.00
-99.00
-99.00
-99.00
-99.00
-99.00
-99.00
-99.00
-99.00
-99.00
-99.00
-99.00
-99.00
-99.00
-99.00
-99.00
-99.00
-99.00
-99.00
-99.00
-99.00
-99.00
-99.00
-99.00
-99.00
-99.00
-99.00
-99.00
-99.00
-99.00
-99.00
-99.00
-99.00
-99.00
-99.00
-99.00
-99.00
-99.00
-99.00
-99.00
-99.00
-99.00
-99.00
-99.00
-99.00
-99.00
-99.00
-99.00
-99.00
-99.00
-99.00
-99.00
-99.00
-99.00
-99.00
-99.00
-99.00
-99.00
-99.00
-99.00
-99.00
-99.00
-99.00
-99.00
-99.00
-99.00
-99.00
-99.00
-99.00
-99.00
-99.00
-99.00
-99.00
-99.00
-99.00
-99.00
-99.00
-99.00
-99.00
-99.00
-99.00
-99.00
-99.00
-99.00
-99.00
-99.00
-99.00
-99.00
-99.00
-99.00
-99.00
-99.00
-99.00
-99.00
-99.00
-99.00
-99.00
-99.00
-99.00
-99.00
-99.00
-99.00
-99.00
-99.00
-99.00
-99.00
-99.00
-99.00
-99.00
-99.00
-99.00
-99.00
-99.00
-99.00
-99.00
-99.00
-99.00
-99.00
-99.00
-99.00
-99.00
-99.00
-99.00
-99.00
-99.00
-99.00
-99.00
-99.00
-99.00
-99.00
-99.00
-99.00
-99.00
-99.00
-99.00
-99.00
-99.00
-99.00
-99.00
-99.00
-99.00
-99.00
-99.00
-99.00
-99.00
-99.00
-99.00
-99.00
-99.00
-99.00
-99.00
-99.00
-99.00
-99.00
-99.00
-99.00
-99.00
-99.00
-99.00
-99.00
-99.00
-99.00
-99.00
-99.00
-99.00
-99.00
-99.00
-99.00
-99.00
-99.00
-99.00
-99.00
-99.00
-99.00
-99.00
-99.00
-99.00
-99.00
-99.00
-99.00
-99.00
-99.00
-99.00
-99.00
-99.00
-99.00
-99.00
-99.00
-99.00
-99.00
-99.00
-99.00
-99.00
-99.00
-99.00
-99.00
-99.00
-99.00
-99.00
-99.00
-99.00
-99.00
-99.00
-99.00
-99.00
-99.00
-99.00
-99.00
-99.00
-99.00
-99.00
-99.00
-99.00
-99.00
-99.00
-99.00
-99.00
-99.00
-99.00
-99.00
-99.00
-99.00
-99.00
-99.00
-99.00
-99.00
-99.00
-99.00
-99.00
-99.00
-99.00
-99.00
-99.00
-99.00
-99.00
-99.00
-99.00
-99.00
-99.00
-99.00
-99.00
-99.00
-99.00
-99.00
-99.00
-99.00
-99.00
-99.00
-99.00
-99.00
-99.00
-99.00
-99.00
-99.00
-99.00
-99.00
-99.00
-99.00
-99.00
-99.00
-99.00
-99.00
-99.00
-99.00
-99.00
-99.00
-99.00
-99.00
-99.00
-99.00
-99.00
-99.00
-99.00
-99.00
-99.00
-99.00
-99.00
-99.00
-99.00
-99.00
-99.00
-99.00
-99.00
-99.00
-99.00
-99.00
-99.00
-99.00
-99.00
-99.00
-99.00
-99.00
-99.00
-99.00
-99.00
-99.00
-99.00
-99.00
-99.00
-99.00
-99.00
-99.00
-99.00
-99.00
-99.00
-99.00
-99.00
-99.00
-99.00
-99.00
-99.00
-99.00
-99.00
-99.00
-99.00
-99.00
-99.00
-99.00
-99.00
-99.00
-99.00
-99.00
-99.00
-99.00
-99.00
-99.00
-99.00
-99.00
-99.00
-99.00
-99.00
-99.00
-99.00
-99.00
-99.00
-99.00
-99.00
-99.00
-99.00
-99.00
-99.00
