20000101
0.00
0.10
0.10
0.10
0.20
0.20
0.10
0.00
1.10
0.00
0.00
0.10
0.10
0.10
1.10
0.00
0.00
0.30
0.10
0.10
0.00
0.10
0.00
0.00
0.00
0.20
0.00
0.10
0.00
0.00
0.10
0.00
0.40
0.10
0.10
0.10
0.00
0.00
0.00
0.00
0.10
0.00
0.10
0.00
0.00
0.00
0.00
0.40
0.00
0.00
0.00
0.00
0.00
0.00
0.00
0.00
0.00
0.00
0.10
0.00
0.00
0.00
0.00
0.00
0.00
0.00
0.00
0.00
0.00
0.00
0.00
0.00
0.00
0.00
0.00
0.00
0.00
0.00
0.00
0.90
0.00
0.00
0.80
0.20
0.00
0.00
5.70
7.20
0.00
0.70
5.60
0.10
0.20
0.00
0.00
0.00
0.00
0.00
0.00
0.00
5.39
29.67
0.00
0.00
1.80
0.00
0.00
2.10
0.00
0.00
0.00
0.00
0.00
4.20
0.10
0.00
0.00
0.00
18.89
0.00
0.00
0.00
0.00
0.00
0.30
1.70
0.10
4.20
0.10
0.00
37.89
0.00
0.10
0.00
0.00
0.00
0.00
6.10
0.10
0.00
0.00
0.25
7.45
0.00
0.00
21.19
0.12
9.88
0.00
0.00
0.00
0.00
0.00
0.00
0.00
0.00
14.19
0.10
0.00
0.00
0.00
18.99
0.80
0.00
0.10
5.90
0.00
0.00
0.00
0.00
0.00
0.00
0.00
0.00
0.31
0.09
0.00
0.00
0.00
0.00
0.00
0.10
0.00
0.00
0.00
0.00
0.00
0.00
0.00
0.00
0.00
0.20
0.00
0.00
0.00
0.00
0.00
1.40
1.20
16.70
0.10
0.00
0.00
0.00
4.00
0.00
9.70
0.00
0.00
0.00
0.00
0.00
0.00
0.00
0.00
6.40
0.00
0.20
0.00
0.00
0.00
0.00
0.00
0.00
0.50
0.00
0.00
0.00
0.00
0.00
0.00
0.00
0.00
0.20
0.00
0.00
0.00
0.00
0.00
0.00
0.00
0.00
10.30
3.50
0.00
0.00
20.69
9.00
0.00
0.00
0.00
0.00
0.00
0.00
0.00
0.00
0.00
0.00
0.00
0.00
0.00
4.40
15.60
0.00
0.00
0.00
0.00
0.00
0.00
0.00
1.80
4.00
3.70
5.40
13.19
0.00
0.00
0.00
27.40
0.10
0.00
0.00
0.00
1.80
3.00
0.40
22.48
0.00
9.70
0.00
0.00
0.00
0.00
0.00
1.60
1.80
9.00
0.00
0.00
4.10
0.00
0.10
0.10
0.00
1.10
0.00
0.70
0.00
0.00
0.30
2.70
0.00
0.00
0.00
0.00
0.10
0.10
2.50
0.90
0.00
0.00
0.00
0.10
0.00
0.00
0.00
0.10
4.70
0.00
0.00
0.00
0.00
0.15
0.60
0.35
0.20
0.10
0.00
0.10
0.00
1.90
4.60
0.00
0.00
0.00
0.10
0.00
0.10
0.00
0.00
0.00
0.30
0.00
0.00
0.20
12.49
16.64
19.74
17.49
0.00
0.00
0.00
0.20
0.00
0.20
0.00
0.00
0.00
0.00
0.30
0.00
0.50
0.00
0.00
0.10
0.00
0.90
0.20
1.38
14.21
20.79
5.19
0.60
0.00
0.10
0.00
0.00
0.10
0.00
0.00
0.00
0.00
0.00
7.49
0.10
0.10
0.00
0.10
0.00
0.00
0.10
0.00
0.00
0.00
0.00
0.00
0.00
0.00
0.00
10.03
11.36
0.00
0.00
0.10
0.00
0.00
0.00
0.00
0.00
0.00
0.00
1.20
0.00
0.00
0.00
0.00
6.50
0.30
0.00
1.50
0.00
6.40
8.20
0.00
0.00
0.00
2.70
0.00
0.00
0.00
0.50
0.00
0.00
0.00
0.00
0.00
0.00
0.00
0.00
0.00
5.40
0.10
0.50
8.00
0.10
0.00
0.00
0.00
0.00
0.00
0.00
0.00
2.10
0.00
0.00
0.00
0.00
0.00
0.00
0.00
0.00
0.10
0.20
0.30
1.90
0.10
0.00
0.00
0.00
0.00
0.00
0.00
11.60
0.10
0.00
8.00
3.50
1.10
10.69
0.50
2.10
0.00
0.60
0.00
0.00
2.60
0.80
0.10
0.00
0.00
0.00
0.00
1.40
1.50
0.00
0.70
5.70
10.49
8.09
8.60
0.00
0.00
0.00
0.00
0.00
0.00
30.50
0.10
0.00
0.00
0.00
0.00
0.00
0.00
0.00
0.00
30.79
0.00
0.00
5.10
0.10
0.60
0.00
2.90
0.10
0.00
0.00
0.00
0.00
0.00
0.00
0.00
0.00
0.00
0.00
0.00
0.00
0.00
0.00
1.00
0.10
0.00
0.00
0.00
0.00
3.90
0.00
0.00
0.00
0.00
6.90
17.89
6.50
0.00
0.00
21.68
0.00
0.00
0.00
0.00
0.00
0.00
0.00
0.00
12.39
0.00
0.00
0.00
0.00
0.00
0.00
5.70
0.00
0.00
0.00
0.00
0.00
0.00
0.00
0.00
0.00
0.60
0.00
0.50
0.00
0.00
0.50
0.00
0.00
0.00
0.00
0.00
0.00
0.00
0.00
0.00
0.00
17.99
0.00
0.40
0.00
16.79
0.10
0.00
0.00
0.00
0.00
0.00
0.00
0.00
0.00
0.00
0.00
0.00
0.00
13.19
0.00
0.00
0.40
0.00
13.59
0.10
0.00
0.00
0.00
0.00
3.10
0.30
0.10
0.00
0.10
0.00
1.60
0.00
0.00
0.00
0.00
1.00
2.30
0.00
0.00
0.70
0.10
0.00
0.00
0.00
17.49
0.70
21.30
0.00
0.00
0.00
0.30
0.80
0.90
0.00
0.30
0.70
0.10
0.20
0.00
0.00
0.00
0.00
0.00
0.10
0.00
0.10
0.10
0.00
8.40
0.10
0.00
1.20
10.69
9.30
7.22
0.18
0.10
0.00
0.10
0.10
0.10
0.10
0.00
0.10
0.00
0.00
0.10
0.00
0.10
0.10
0.00
0.10
0.10
0.10
0.10
0.00
0.10
0.00
0.10
0.10
0.10
0.00
12.29
0.40
0.00
0.00
0.10
0.10
0.00
0.10
0.00
0.00
0.00
0.00
0.00
0.00
0.00
0.00
1.30
0.10
1.00
4.70
3.00
0.00
0.10
0.00
0.80
0.10
0.10
0.10
0.10
0.70
0.10
0.10
0.00
0.00
0.10
0.00
0.10
0.10
0.00
0.60
0.00
0.10
0.00
0.00
0.10
0.10
0.00
0.00
0.00
0.10
0.00
0.10
1.50
3.70
0.00
0.00
0.00
0.00
0.00
0.10
0.10
2.00
0.00
6.17
1.53
0.00
0.10
0.00
0.10
0.00
0.00
0.00
0.00
0.00
0.00
0.00
0.00
5.60
0.00
0.24
10.95
0.00
0.00
0.00
0.00
0.00
0.10
0.00
0.72
0.08
0.00
0.00
0.00
0.00
0.00
0.00
0.00
0.00
0.00
0.00
0.00
0.00
1.70
0.60
2.90
0.00
1.00
0.00
0.00
30.34
1.35
0.00
0.30
11.60
1.50
0.80
6.35
7.04
0.10
7.09
7.09
0.00
0.60
0.00
0.60
12.30
0.00
0.10
0.00
0.00
0.00
0.00
0.00
0.00
0.00
0.00
0.00
15.26
23.32
2.60
0.40
2.10
0.80
13.69
11.00
6.30
4.50
34.28
0.00
0.00
0.00
0.00
0.00
0.20
4.10
0.00
0.00
0.00
0.00
8.50
0.00
0.00
5.39
0.60
0.00
0.00
0.00
0.00
0.00
0.00
0.00
6.40
43.18
8.10
0.00
25.59
0.10
0.00
0.00
0.00
0.00
0.00
0.00
0.00
0.00
0.00
0.00
0.00
0.00
0.00
0.00
0.00
0.00
0.00
0.00
0.00
7.10
0.00
0.10
0.00
0.00
0.00
0.00
0.70
0.00
0.00
0.00
0.00
0.00
18.69
7.90
0.30
0.00
0.00
0.00
0.00
0.00
0.00
0.00
0.00
0.00
0.00
3.80
0.00
0.00
0.00
0.00
8.80
0.10
3.10
0.00
0.00
0.00
0.00
0.00
0.00
1.50
2.70
20.99
0.00
0.00
0.00
0.00
0.90
0.00
0.00
0.00
0.80
0.00
0.00
11.10
0.00
12.49
2.30
0.00
14.59
0.00
0.00
7.30
0.10
29.09
0.10
0.30
14.73
12.86
0.00
0.00
0.20
0.80
0.00
0.00
22.00
2.80
0.10
0.00
0.00
0.40
0.00
0.00
0.00
5.20
0.10
1.10
0.00
0.00
0.00
0.00
0.00
0.00
0.00
0.00
0.50
0.00
0.00
0.00
0.00
0.00
0.00
48.56
3.40
0.00
0.10
0.00
0.00
0.00
0.00
0.00
0.00
0.00
0.00
9.88
0.02
0.00
0.00
0.00
0.00
0.20
0.00
0.10
0.10
0.40
0.10
0.10
0.00
0.00
0.10
1.60
1.00
0.00
0.00
0.00
0.00
0.00
0.06
8.44
0.80
0.10
0.00
0.10
0.10
13.49
2.30
0.00
0.80
21.48
0.30
0.00
0.10
0.00
0.00
0.10
0.00
0.00
0.00
0.10
0.00
0.00
0.10
0.10
0.90
55.77
1.10
0.00
0.20
0.20
0.00
0.10
0.00
0.00
0.10
0.00
0.00
0.00
0.10
0.00
0.10
0.10
0.10
0.00
0.00
0.68
0.93
0.10
0.00
0.00
0.00
1.70
13.79
0.10
4.10
0.00
0.00
0.00
0.10
0.00
0.10
0.10
0.10
0.00
0.10
3.90
0.07
1.13
0.00
0.00
0.00
0.00
0.30
0.00
0.00
0.00
0.00
0.00
0.00
0.00
0.00
1.30
0.00
0.00
0.00
0.00
0.10
0.30
0.00
0.00
1.60
0.00
0.00
0.00
0.10
6.60
8.20
9.80
0.10
0.30
0.10
0.60
2.90
20.39
0.10
0.00
0.00
0.00
0.00
0.00
0.00
2.60
0.10
0.00
0.00
0.00
0.00
0.00
0.00
0.00
0.10
0.00
0.10
0.00
0.00
0.00
0.00
0.00
0.00
0.00
0.00
0.00
0.00
20.89
0.00
1.20
0.00
2.20
15.69
0.00
0.20
0.10
0.10
0.40
0.00
12.89
1.00
0.00
0.20
0.20
0.10
0.00
0.00
0.50
0.20
2.50
0.40
0.20
0.00
0.25
0.65
0.20
0.40
0.20
0.40
0.20
0.80
0.30
2.60
0.80
0.30
0.40
0.80
5.80
0.40
0.00
0.30
1.00
0.40
0.20
0.30
0.50
3.33
4.37
0.20
1.92
0.45
0.23
0.39
0.70
2.50
15.89
1.88
0.52
0.50
0.60
0.10
4.80
0.70
0.40
0.60
0.70
0.60
1.00
0.40
0.40
0.60
0.60
0.70
0.40
0.30
0.70
2.20
3.07
6.73
0.10
0.00
0.00
0.00
0.00
0.00
0.00
0.90
0.90
61.69
2.50
0.00
0.20
0.00
0.00
0.00
0.00
0.00
17.19
0.00
4.78
1.92
0.00
0.00
0.00
0.00
0.00
0.00
0.00
0.00
0.00
0.00
0.00
0.00
0.00
1.40
0.00
0.00
0.00
2.20
0.00
0.00
0.90
0.10
0.00
0.00
0.00
0.00
0.00
0.00
0.00
0.90
1.80
1.90
1.60
1.40
1.60
1.60
2.00
2.40
18.29
0.10
1.20
2.70
2.70
1.90
1.40
1.90
2.50
2.70
1.90
1.40
0.80
0.86
8.44
11.70
16.10
0.00
0.20
2.90
0.00
20.80
0.10
0.00
0.00
2.20
1.30
1.50
0.00
0.00
1.10
2.80
2.70
1.20
1.30
1.30
6.80
1.80
0.50
1.20
0.10
11.30
24.05
11.15
3.60
17.40
0.00
0.00
0.00
0.40
0.00
0.00
0.00
0.00
0.00
0.00
0.10
0.00
0.00
15.96
0.84
28.77
1.93
10.20
0.00
0.00
5.60
0.10
0.00
0.10
18.50
0.70
2.90
0.00
0.00
7.60
0.00
0.10
0.00
0.10
0.10
0.10
0.10
0.20
4.20
0.00
0.00
0.00
0.00
0.00
0.20
14.90
0.00
0.00
0.00
0.00
0.20
0.20
11.39
14.91
0.10
0.00
2.30
0.10
0.00
0.00
11.30
0.40
26.50
36.60
0.90
0.06
0.84
0.10
0.20
0.10
0.10
0.10
0.10
0.00
0.00
0.00
0.00
0.60
0.90
0.10
0.00
0.00
0.00
0.00
0.10
0.00
0.10
1.60
0.10
0.10
0.20
0.10
0.10
0.00
0.00
0.10
0.10
0.10
0.10
0.00
0.00
0.23
0.07
0.00
0.00
0.10
0.10
1.00
0.10
0.00
0.00
0.00
0.00
0.00
1.30
0.00
0.00
0.00
0.00
0.10
0.00
0.00
0.00
0.10
0.00
0.10
0.10
0.10
0.05
0.15
0.00
0.10
0.00
0.00
0.00
0.00
0.10
13.70
0.00
0.80
0.01
14.12
1.57
0.00
1.10
0.01
1.89
28.50
0.00
0.00
0.00
0.10
0.00
0.10
0.00
0.00
13.20
0.10
0.00
0.10
0.30
0.00
0.00
2.60
0.00
0.00
0.00
0.00
0.10
0.00
0.00
0.00
0.60
0.10
0.00
3.20
1.60
7.90
0.00
13.90
19.60
8.90
0.10
12.70
0.00
0.00
0.00
0.20
5.36
14.44
0.50
2.10
0.00
9.70
0.00
4.60
0.00
9.20
0.10
5.50
0.00
0.00
0.00
16.40
0.10
0.00
0.00
0.00
0.00
3.50
21.40
0.80
1.40
1.93
2.37
0.00
17.70
0.00
0.10
0.00
0.00
0.10
5.50
0.20
0.00
0.00
5.30
0.00
0.00
0.00
0.00
0.00
8.30
6.30
0.00
0.00
0.00
0.00
12.60
21.30
0.00
1.80
7.20
1.10
0.00
0.00
0.00
0.00
0.00
0.00
0.50
0.10
0.00
2.50
6.70
1.70
3.28
2.45
1.47
1.20
1.20
37.62
0.98
1.10
1.00
1.30
1.60
1.20
1.10
1.60
1.10
0.90
1.00
0.00
0.00
0.00
0.04
1.16
4.30
0.00
0.00
0.00
9.02
8.08
1.60
0.00
0.00
0.00
14.44
0.00
0.00
0.40
0.10
1.50
0.10
0.00
1.60
28.80
0.00
0.00
0.00
8.60
0.20
0.00
0.60
0.00
0.60
6.00
1.53
1.54
0.73
0.60
1.30
1.30
1.60
1.60
1.63
1.28
1.60
1.50
8.00
1.60
1.20
1.20
0.80
0.00
1.60
1.70
0.90
1.20
1.60
1.50
13.20
1.80
82.80
0.80
4.30
13.50
0.00
0.00
0.00
0.20
0.00
0.10
0.00
3.60
0.20
0.00
2.73
22.67
0.10
0.00
0.00
0.00
0.00
0.00
0.00
0.00
0.00
0.10
0.00
0.00
0.00
0.00
0.00
0.00
0.00
0.52
0.58
0.90
0.00
0.00
0.00
0.10
0.00
0.00
0.00
0.00
0.00
0.00
0.00
0.00
0.00
0.20
0.00
1.10
0.00
0.00
0.00
6.10
4.50
1.90
0.20
0.20
2.00
6.00
2.50
0.10
0.10
0.00
0.20
0.10
0.00
0.10
0.00
0.00
0.00
0.00
0.10
0.00
0.00
0.00
0.00
0.10
0.00
0.00
0.00
0.00
0.10
0.10
0.00
0.00
0.10
0.10
4.00
0.00
4.70
0.00
0.10
8.33
0.47
0.00
22.60
7.60
3.10
0.16
0.14
0.00
0.10
0.10
0.10
0.20
0.00
0.00
0.00
0.10
0.10
0.10
0.00
0.10
5.20
0.10
0.10
0.20
0.00
0.00
0.10
0.00
0.00
0.10
0.10
0.10
0.10
0.10
0.00
0.10
0.10
0.00
0.30
0.00
0.10
0.10
0.00
0.00
0.10
0.00
0.00
0.00
0.00
0.10
0.00
0.00
0.00
0.00
0.00
0.00
0.00
0.00
0.00
0.00
0.00
0.00
0.00
2.10
10.11
8.64
1.85
0.10
0.00
0.00
2.50
0.60
0.00
0.00
0.00
0.00
0.00
0.00
0.10
0.00
0.00
0.00
3.70
0.00
0.00
0.67
0.00
0.00
2.74
0.06
0.10
0.00
0.00
0.00
0.00
0.00
1.30
0.00
0.00
0.00
0.00
0.00
0.00
0.00
0.00
0.00
0.00
0.10
1.50
0.10
0.00
0.30
0.90
0.10
21.80
0.00
0.10
0.00
0.10
0.00
0.00
0.00
0.00
0.00
2.90
0.00
0.00
0.00
0.00
0.00
0.00
0.30
0.00
0.00
0.00
0.00
0.00
0.00
0.00
0.00
0.50
0.00
0.00
0.00
0.00
0.00
0.00
0.00
0.10
0.10
2.20
0.40
0.00
0.00
0.00
0.40
2.50
0.40
0.10
1.83
0.17
0.00
1.00
23.10
0.10
0.00
0.00
0.00
1.20
0.00
0.00
0.00
0.00
0.00
0.00
0.00
0.00
0.00
0.00
0.00
0.00
0.00
0.00
26.40
0.00
0.00
0.20
0.00
6.60
0.10
0.40
5.40
0.00
0.00
0.00
0.00
0.00
2.20
12.50
0.20
0.00
0.00
0.00
0.00
0.00
0.50
0.00
0.00
0.10
0.00
0.00
2.50
0.00
0.00
0.00
14.50
32.60
0.10
0.00
4.60
0.40
0.00
0.00
0.00
0.00
0.00
0.00
0.00
1.30
0.40
0.00
0.00
0.00
0.00
0.00
0.00
0.00
2.60
0.00
14.20
4.30
0.00
0.00
0.00
0.00
0.00
0.00
0.76
0.74
2.60
0.10
0.00
0.00
0.00
0.00
0.10
7.40
0.10
18.20
0.00
0.00
0.00
0.00
0.00
0.00
31.60
0.00
0.00
0.00
0.00
0.00
0.00
0.00
0.00
0.00
35.40
56.10
12.10
0.00
0.00
0.00
0.00
4.70
0.00
0.00
0.89
5.61
0.10
0.00
0.00
0.00
0.00
0.00
0.00
63.30
0.60
0.10
0.00
0.10
0.00
0.00
0.00
0.00
0.00
0.00
0.00
0.00
0.00
0.00
0.20
1.70
10.89
26.41
18.30
16.60
0.10
0.10
21.06
0.04
0.20
0.00
0.00
0.10
0.10
0.10
0.00
0.10
0.10
0.10
0.10
1.90
0.10
0.00
0.10
0.00
3.10
0.00
0.10
0.10
4.80
0.70
0.00
3.50
8.00
16.30
2.90
0.00
0.00
0.00
0.00
0.00
0.00
0.10
0.10
0.00
0.10
0.00
0.10
0.00
0.50
0.10
0.10
9.90
0.00
0.10
0.00
0.20
0.20
0.00
0.10
0.00
0.10
0.00
0.00
0.10
0.00
0.00
0.10
0.10
0.10
0.00
0.10
0.10
0.00
0.10
0.00
0.10
0.00
0.00
0.00
0.10
0.00
0.00
0.10
0.00
0.00
1.70
0.32
10.88
12.10
0.00
0.00
0.00
0.10
0.00
0.10
1.90
0.00
0.00
0.00
0.10
0.20
0.00
0.00
0.10
0.10
0.00
0.61
4.29
6.82
51.38
17.00
0.10
0.20
0.10
0.10
0.00
0.00
0.00
0.10
0.00
0.00
0.00
0.00
0.00
0.00
0.00
0.20
0.00
0.00
0.00
1.60
0.00
0.20
0.00
0.10
0.00
0.00
1.20
0.00
0.00
0.00
0.00
0.00
0.00
0.10
0.00
0.00
0.00
0.00
0.00
0.00
0.00
0.00
0.00
0.00
0.00
0.00
2.87
0.53
0.00
0.20
4.10
0.00
0.00
0.00
0.00
0.00
0.00
0.00
0.00
0.00
0.00
0.00
0.00
0.00
0.10
19.70
13.00
0.10
0.10
0.00
0.00
0.00
0.00
0.00
0.00
0.00
12.20
0.00
0.00
0.80
0.00
0.10
0.00
0.00
0.00
0.70
0.10
0.20
0.10
0.00
0.00
0.00
0.00
0.00
0.00
0.10
0.00
0.00
0.00
0.00
0.00
0.00
2.10
0.00
0.00
0.00
0.00
0.00
0.00
0.00
0.00
0.00
8.20
0.00
0.00
0.00
0.00
0.00
0.00
20.00
2.10
0.00
0.00
0.00
0.00
0.10
0.00
0.00
0.00
0.00
0.00
0.00
0.00
0.00
0.00
0.00
0.80
0.00
0.00
0.00
0.00
0.30
0.00
0.00
0.00
0.00
0.00
0.00
0.00
0.00
8.90
0.10
0.00
0.00
0.00
0.00
0.10
0.00
20.90
0.10
0.00
0.00
0.00
1.80
3.90
1.70
0.00
17.00
0.10
0.00
0.00
0.00
0.00
0.00
0.00
4.00
0.00
0.00
0.10
0.00
0.00
0.00
0.00
0.00
0.50
0.00
0.30
0.00
0.00
0.00
0.00
13.40
0.00
24.70
0.00
0.00
26.90
10.90
0.10
0.00
0.00
0.00
0.00
0.00
3.83
0.17
0.20
0.00
0.00
0.00
0.00
0.00
0.00
0.00
0.00
0.00
0.10
0.00
0.00
0.00
23.20
0.10
0.00
0.00
3.20
18.20
0.00
0.00
0.00
0.00
0.00
0.00
0.00
0.00
0.20
12.80
2.00
0.00
0.10
0.00
0.00
0.00
0.00
0.00
0.00
0.00
10.80
0.00
0.00
0.00
0.00
0.00
0.00
3.09
5.41
0.00
0.10
0.00
0.00
0.00
23.20
0.10
0.00
0.00
0.00
0.00
0.00
0.00
0.00
0.00
0.10
0.00
0.10
0.00
0.00
0.00
0.00
0.00
0.00
0.00
0.10
0.00
0.00
0.10
0.00
0.00
0.10
0.00
0.00
1.60
4.00
0.00
0.00
0.10
0.00
0.00
0.00
0.00
0.00
0.00
0.10
0.00
0.40
0.10
0.00
0.10
0.00
0.00
0.00
9.00
0.10
1.10
0.10
0.10
0.00
0.40
0.00
0.10
8.90
0.50
0.10
0.10
0.00
0.10
0.10
0.10
0.00
0.00
0.00
0.00
0.10
0.00
0.00
0.10
0.00
0.00
0.10
0.00
0.00
0.10
0.00
0.10
0.00
0.10
0.00
0.10
0.00
0.10
0.00
0.00
0.00
0.00
0.10
0.00
0.00
0.00
4.20
0.00
0.00
0.00
0.00
0.00
0.00
0.00
0.00
3.00
0.00
0.00
0.00
0.10
0.40
0.10
0.00
9.90
0.00
0.00
0.00
0.30
0.00
0.00
0.00
0.10
9.60
0.00
0.00
0.00
0.00
0.00
0.10
0.00
7.40
0.10
0.10
0.00
0.00
0.00
0.00
0.00
0.00
0.00
6.20
0.10
0.00
0.00
0.00
0.00
0.00
0.00
0.10
0.00
0.00
0.00
0.00
0.00
0.00
0.00
0.00
0.00
0.00
0.00
0.00
0.52
0.08
0.00
8.50
0.60
25.60
21.40
15.30
1.40
0.00
0.00
0.10
1.11
0.99
0.80
4.90
9.10
4.90
1.90
0.00
7.00
9.30
0.10
1.80
0.00
0.00
0.00
0.00
0.00
0.00
0.40
0.00
0.00
0.20
23.50
0.40
0.00
0.20
0.40
0.10
0.00
0.00
0.00
0.00
0.00
0.00
0.00
6.40
0.00
0.00
0.00
0.00
0.70
0.10
2.10
0.00
0.00
3.70
0.00
23.60
3.30
0.00
0.00
0.00
0.00
3.30
0.10
0.00
27.00
0.30
0.90
0.00
0.00
0.00
0.00
0.00
0.00
0.00
0.00
0.70
0.00
0.00
0.50
0.00
0.00
0.00
0.00
0.00
0.00
0.00
0.00
0.00
0.00
0.00
0.00
1.40
0.00
0.00
0.00
0.00
0.00
0.00
0.00
0.00
0.00
7.60
0.00
0.00
0.00
0.00
0.00
0.00
0.00
0.00
0.00
0.00
0.00
0.00
0.00
0.00
0.00
0.00
0.00
0.20
0.00
0.00
0.00
0.10
0.00
0.00
0.00
12.90
1.90
2.50
0.00
0.00
0.00
6.60
0.10
0.00
0.00
0.20
0.00
0.00
23.80
0.00
6.70
23.60
0.10
0.10
0.00
0.00
0.00
0.00
0.70
17.00
0.10
0.00
0.00
6.20
2.20
0.00
0.00
0.00
0.00
0.00
0.00
0.00
0.00
0.00
0.00
0.00
0.00
0.00
0.90
0.00
0.00
0.00
6.20
0.00
5.10
0.00
0.00
0.00
0.00
0.00
0.00
0.00
0.00
0.20
11.20
17.40
0.00
0.00
12.20
5.40
24.90
0.20
0.00
0.00
0.10
0.00
0.00
0.00
0.00
0.10
0.00
0.00
0.00
0.00
0.00
0.00
0.00
0.00
0.00
0.00
0.00
0.00
0.00
0.00
0.00
0.00
0.00
0.00
0.00
0.10
0.00
0.00
0.00
0.00
0.00
0.00
0.00
0.00
0.00
0.00
0.00
3.30
1.10
0.10
0.00
0.00
0.00
0.10
0.00
0.00
0.10
0.00
0.00
0.00
0.00
0.00
0.10
0.00
0.00
0.10
0.00
0.00
0.00
0.00
0.00
0.00
0.70
0.00
0.00
0.00
0.00
0.60
2.00
0.90
0.00
0.00
0.10
0.00
0.10
0.00
0.10
0.00
0.00
0.00
1.10
16.20
0.00
0.00
0.00
0.10
0.10
0.00
0.00
1.01
0.29
0.00
0.00
0.10
0.10
0.00
0.00
0.10
0.00
0.00
0.10
0.00
0.00
0.00
0.10
0.00
0.00
0.40
0.00
0.00
0.00
0.00
3.70
4.40
0.10
0.00
0.00
0.10
0.00
0.00
0.00
0.00
0.00
0.30
0.00
0.00
0.00
1.80
0.90
0.10
0.00
0.00
0.00
0.20
4.00
0.00
0.00
0.00
0.00
0.00
0.00
0.00
0.00
0.00
0.00
0.00
0.00
0.00
0.00
0.00
0.00
0.00
0.00
0.00
0.00
0.00
0.00
10.30
0.60
0.00
14.40
0.10
0.00
0.00
1.50
0.10
0.00
0.00
25.90
5.20
0.00
0.00
0.00
0.00
0.00
0.00
0.00
0.40
0.60
4.60
20.68
2.42
0.00
0.00
0.00
0.00
6.40
6.20
0.00
5.90
3.10
0.20
6.10
0.00
0.00
0.00
0.00
10.10
0.00
0.00
0.00
0.00
0.00
0.00
2.50
0.10
0.00
0.00
16.20
20.80
6.20
0.60
0.20
0.10
0.10
0.10
0.10
0.10
0.10
2.58
10.12
4.50
0.00
5.60
28.60
0.95
17.25
0.00
0.00
0.00
1.20
1.50
4.85
4.85
1.40
28.35
5.65
12.60
0.00
0.00
2.80
3.50
0.80
22.60
0.10
0.10
11.30
3.70
0.00
0.00
0.00
0.00
0.00
0.00
0.00
0.00
0.00
0.00
0.00
0.00
12.60
0.50
0.00
0.10
0.00
0.00
0.00
0.20
0.00
0.00
0.00
0.15
2.45
0.90
1.04
0.86
0.50
0.00
0.00
0.00
0.00
0.00
0.00
0.00
12.60
0.00
0.00
1.30
0.00
0.00
0.00
0.00
0.00
0.00
0.00
0.00
0.40
0.00
0.70
0.00
0.00
0.00
0.00
0.00
0.00
1.20
0.00
0.00
0.40
0.00
0.00
0.00
0.00
34.60
0.00
0.00
8.30
0.00
0.00
0.00
0.00
0.00
7.70
0.10
0.00
0.00
0.00
0.00
2.90
0.00
0.00
0.00
0.00
43.30
0.00
0.00
0.10
0.00
0.00
0.00
5.30
2.30
0.17
0.02
0.10
1.70
0.30
0.00
2.90
0.10
0.00
0.00
0.00
0.00
0.00
1.30
0.00
0.00
0.00
0.00
5.40
0.00
0.00
0.00
0.20
0.00
0.00
0.00
12.50
2.30
5.00
0.00
9.70
0.00
0.00
4.30
0.00
0.00
0.10
0.00
14.99
17.21
0.00
6.30
11.40
26.70
0.00
0.00
0.10
0.00
0.00
0.00
0.00
0.00
0.00
3.50
0.00
0.10
0.00
0.00
0.00
0.00
0.10
0.00
0.00
0.00
0.00
0.20
0.00
0.00
0.10
0.30
3.00
0.00
0.00
0.00
0.10
0.00
0.00
0.00
0.00
0.00
6.20
0.10
0.10
0.00
5.90
7.70
0.50
1.50
0.00
0.10
0.00
0.10
0.10
0.10
0.10
0.00
0.00
15.30
17.50
6.44
4.90
0.50
0.00
0.00
0.10
0.00
0.00
0.00
2.70
4.40
2.10
2.16
13.24
0.20
0.10
0.10
0.00
0.00
0.00
0.00
0.10
2.70
0.00
-99.00
0.60
0.40
0.60
0.00
0.20
0.00
0.10
0.00
0.00
7.40
6.30
2.65
12.95
0.00
0.00
0.40
0.00
0.00
0.00
1.40
0.10
0.10
0.00
0.00
0.00
0.00
0.00
0.00
0.00
0.00
0.00
0.00
0.00
0.00
0.00
0.00
0.00
0.00
1.50
6.10
3.10
2.90
0.10
0.00
0.00
0.00
0.00
0.00
0.00
0.00
0.00
0.00
0.00
0.00
0.00
0.00
0.00
0.00
0.00
0.00
0.00
0.00
0.00
0.00
0.00
21.70
5.40
0.40
23.85
5.45
5.50
0.00
0.00
0.00
0.00
12.10
0.80
0.00
0.10
7.90
5.00
0.10
0.00
2.60
1.40
1.40
5.60
1.63
1.17
0.00
0.00
0.00
0.00
0.00
15.00
0.00
0.00
0.00
14.28
4.02
0.00
0.00
0.10
0.00
0.00
0.00
0.00
0.00
0.20
0.17
0.03
0.40
19.10
0.00
0.00
1.60
0.00
0.00
0.00
0.00
0.00
0.00
0.00
0.00
0.70
0.00
0.00
0.00
0.00
4.50
0.00
0.00
0.00
0.00
10.50
0.00
0.00
0.40
0.00
0.00
0.00
0.00
0.00
0.00
0.00
0.10
0.00
0.00
48.50
4.30
0.00
0.00
0.00
0.20
1.30
4.10
0.00
15.40
0.10
2.70
29.90
0.10
0.00
21.40
34.39
9.91
7.10
0.60
0.10
0.00
0.00
0.00
0.00
0.00
-99.00
-99.00
-99.00
-99.00
-99.00
-99.00
-99.00
0.00
0.00
0.00
0.00
0.00
0.00
0.00
0.00
0.00
0.00
0.00
0.00
0.50
0.00
0.00
0.00
12.10
23.50
1.50
5.20
0.00
0.00
0.00
0.00
0.00
0.00
0.00
0.00
0.00
0.00
0.00
0.00
0.00
0.00
0.50
33.30
0.00
0.00
0.00
0.00
0.00
0.40
0.00
0.00
10.60
0.00
0.00
0.00
0.00
0.00
0.00
0.00
1.00
1.80
19.30
4.60
0.00
6.60
7.10
0.00
8.50
0.80
0.00
0.00
0.00
0.00
20.80
0.10
0.00
0.00
0.00
1.50
0.10
0.00
0.00
0.00
0.00
0.00
4.40
0.00
0.00
0.00
0.00
0.00
0.00
0.10
0.00
0.00
0.00
0.00
6.30
31.00
6.10
0.10
0.00
0.20
0.00
0.00
0.00
0.00
0.10
0.00
0.00
2.60
0.00
0.10
0.00
0.00
6.60
0.00
0.10
0.00
0.00
0.00
0.10
0.00
0.00
0.00
0.00
0.00
0.00
0.00
0.10
0.30
0.00
0.00
0.10
0.05
0.15
0.00
0.90
0.00
0.10
0.60
0.00
0.10
0.00
0.00
0.00
0.00
0.00
0.10
0.00
0.10
0.00
0.00
0.00
0.00
0.00
0.00
0.00
0.00
9.60
10.50
7.50
11.60
0.00
3.00
0.00
0.40
0.10
0.00
0.20
0.00
0.10
0.00
0.90
10.60
0.00
2.30
0.00
0.00
0.00
0.00
2.10
0.10
5.70
0.00
0.00
0.00
0.01
0.69
4.20
0.10
0.00
0.00
0.70
2.50
0.00
0.10
0.00
0.00
0.00
0.40
0.20
0.00
0.00
9.10
0.60
0.00
0.00
9.70
9.60
0.10
0.00
0.00
0.00
0.00
2.13
2.50
0.57
3.20
7.60
0.00
0.70
0.00
0.00
0.00
0.00
0.00
0.10
0.00
0.00
5.40
8.90
0.00
0.00
0.00
3.60
11.59
8.51
0.00
0.00
0.00
0.00
0.00
0.00
0.00
0.00
0.00
0.00
0.00
5.40
13.40
0.00
0.00
0.10
0.50
0.00
0.00
0.00
1.80
0.00
0.00
0.00
0.00
10.80
0.00
0.00
0.00
0.00
0.00
0.00
0.00
15.00
0.00
0.00
1.10
0.00
0.00
0.00
4.50
0.10
0.00
0.00
0.10
0.00
7.40
4.60
0.10
0.00
0.00
0.30
19.01
5.89
42.30
25.60
3.40
1.30
0.00
0.60
0.20
0.00
0.00
9.90
13.70
0.50
0.00
0.00
0.00
0.00
0.00
0.00
0.00
3.30
0.00
0.00
0.00
0.00
0.00
7.70
0.00
0.00
0.00
0.00
0.00
0.00
0.00
0.00
0.20
0.00
0.00
10.20
7.20
3.90
0.00
1.70
36.70
1.30
0.00
1.90
11.60
17.50
0.00
0.00
0.00
0.00
0.00
0.00
0.00
10.00
0.00
0.30
8.40
0.00
0.00
0.40
4.10
0.00
0.00
0.00
0.00
0.00
0.00
0.00
0.00
0.00
0.00
0.00
0.00
0.00
0.00
1.00
0.00
9.75
0.00
1.67
0.00
0.00
0.00
0.00
4.58
7.83
6.08
0.00
0.08
17.08
0.08
0.00
0.00
0.00
0.00
0.00
0.20
16.50
0.10
25.40
0.10
0.70
0.00
0.00
0.00
0.00
18.90
0.10
0.00
0.00
0.00
0.00
0.00
0.00
0.00
0.00
0.00
0.00
0.00
0.00
0.00
0.00
0.00
0.00
0.00
29.50
0.10
0.10
0.00
0.00
14.90
0.00
0.00
0.00
10.00
27.80
1.90
0.00
0.20
2.60
0.00
0.00
1.10
0.10
0.00
0.00
0.00
0.00
0.00
0.00
0.00
0.00
1.00
0.00
0.00
0.00
0.00
0.10
37.10
28.40
7.10
0.00
0.00
0.00
0.00
0.00
0.00
0.00
0.00
0.00
0.00
0.00
0.00
0.00
0.00
0.00
0.00
0.00
0.20
9.80
0.00
0.00
0.00
0.10
0.00
0.00
0.00
0.00
0.00
0.00
0.00
0.00
0.00
0.00
1.70
0.00
0.70
0.90
0.00
3.20
0.00
0.00
0.10
0.00
0.00
0.00
0.00
0.00
0.30
8.00
0.00
0.00
0.00
0.10
0.10
0.00
0.00
0.40
0.00
0.00
0.00
0.10
0.00
0.00
0.00
0.00
0.00
0.00
0.00
0.00
9.30
7.30
8.60
0.00
0.10
0.00
0.00
0.00
0.00
0.10
0.00
0.00
0.00
0.00
0.00
0.00
0.00
0.00
0.00
0.00
0.00
0.00
0.00
0.00
0.10
0.00
0.00
0.10
0.00
0.00
0.00
0.00
0.00
0.00
0.00
0.00
0.00
0.20
9.70
0.30
2.70
8.00
0.00
0.00
0.00
0.00
0.00
0.00
0.00
0.00
0.00
0.10
0.00
0.00
0.00
2.30
0.00
0.00
4.30
0.00
0.20
0.20
0.00
0.00
0.00
0.00
0.00
0.00
0.00
0.00
0.00
0.00
3.60
1.10
0.00
0.00
0.00
0.20
0.00
0.00
0.00
34.90
1.20
9.90
56.80
3.90
0.00
0.00
0.00
0.00
2.00
0.10
0.10
0.00
0.00
0.00
1.30
1.20
24.10
0.10
0.00
0.00
0.00
0.00
0.00
0.00
0.00
0.00
0.00
0.00
0.00
0.00
0.00
0.00
0.00
0.20
0.00
0.00
0.00
0.00
0.00
0.50
0.20
27.90
1.50
0.20
0.60
0.50
25.60
0.40
0.00
0.00
0.00
0.80
0.00
0.30
0.00
2.50
2.50
0.00
0.00
0.00
63.80
0.10
15.30
20.50
0.00
0.00
0.00
0.00
0.00
0.00
0.00
0.00
0.70
0.00
0.00
0.10
0.00
0.00
10.90
4.60
0.10
0.20
1.10
36.90
8.80
0.00
4.30
8.00
0.00
22.30
0.60
0.00
18.50
0.00
0.00
1.90
0.00
0.00
0.00
0.00
0.00
0.00
0.00
0.00
0.00
0.00
0.00
0.00
0.00
0.00
0.00
0.00
2.10
2.50
0.00
0.00
0.00
0.00
0.00
0.00
0.00
9.10
12.00
19.00
3.40
0.00
0.00
0.00
0.30
0.00
0.00
0.00
0.00
0.00
0.00
73.60
15.10
1.60
9.20
3.50
0.60
0.10
0.00
31.20
2.00
0.00
0.00
0.00
0.00
0.00
0.00
0.00
0.00
0.00
13.00
0.00
0.00
0.00
0.00
0.00
0.00
0.00
0.00
0.00
0.00
0.00
0.00
0.00
0.00
0.00
0.00
0.00
0.00
0.00
0.20
12.20
1.60
0.00
0.00
0.00
0.00
0.00
0.00
0.00
0.00
0.00
0.00
0.00
0.00
0.00
0.00
0.00
0.00
0.00
0.00
3.70
0.00
0.00
0.00
0.00
0.00
0.00
0.00
0.00
0.00
0.00
0.00
0.00
0.00
0.00
0.00
0.00
0.00
0.00
0.00
0.00
0.00
0.00
0.00
0.00
0.10
0.00
0.00
0.00
0.00
12.20
0.00
0.00
19.10
10.50
0.00
0.00
0.00
0.10
2.80
52.70
30.00
6.80
13.80
0.00
0.00
0.00
0.00
0.00
0.00
1.20
0.60
15.20
27.40
0.00
0.00
2.40
5.00
3.30
11.10
5.00
2.70
1.20
0.70
0.50
0.30
0.30
0.10
0.10
0.00
0.00
0.10
0.00
0.00
0.10
0.00
0.10
0.00
0.10
0.00
0.00
0.00
0.00
0.00
0.00
0.00
0.00
0.00
0.00
0.00
0.10
0.00
0.00
0.00
0.00
0.00
0.10
0.00
0.00
0.00
0.00
0.00
0.00
0.00
0.00
0.00
0.00
0.00
0.00
0.00
0.10
0.00
0.00
0.00
0.10
0.20
0.00
0.00
0.00
0.00
0.00
0.00
0.00
0.00
0.00
0.10
6.80
0.00
0.00
0.00
1.00
3.80
0.00
0.00
0.00
0.00
0.00
0.00
0.00
0.00
0.00
0.00
0.00
0.00
0.00
0.00
0.00
0.00
0.00
0.00
0.00
0.00
0.00
0.00
0.00
0.00
0.00
0.00
0.00
0.00
0.00
6.20
0.10
0.00
0.00
0.00
0.00
0.00
0.00
0.00
0.00
0.00
0.00
0.00
0.00
0.00
0.00
0.00
0.10
8.40
28.30
0.00
0.10
0.00
0.00
0.00
0.00
0.00
0.00
0.00
0.00
0.00
9.90
23.30
3.10
2.00
2.30
0.10
0.00
0.40
0.00
3.00
0.80
4.40
0.70
0.00
0.00
1.90
1.90
0.50
1.00
0.00
0.00
0.00
0.00
0.00
0.00
6.90
0.00
10.20
0.00
0.00
0.00
1.30
0.00
12.80
0.10
0.00
0.00
0.00
0.00
0.70
4.60
4.60
0.00
0.00
0.00
1.00
0.00
18.00
1.50
0.00
0.00
0.00
0.00
0.00
0.00
4.50
-99.00
-99.00
-99.00
-99.00
-99.00
-99.00
-99.00
-99.00
-99.00
-99.00
-99.00
-99.00
-99.00
-99.00
-99.00
-99.00
-99.00
-99.00
-99.00
-99.00
-99.00
-99.00
-99.00
-99.00
-99.00
-99.00
-99.00
-99.00
-99.00
-99.00
-99.00
-99.00
-99.00
-99.00
-99.00
-99.00
-99.00
-99.00
-99.00
-99.00
-99.00
-99.00
-99.00
-99.00
-99.00
-99.00
-99.00
-99.00
-99.00
-99.00
-99.00
-99.00
-99.00
-99.00
-99.00
-99.00
-99.00
-99.00
-99.00
-99.00
-99.00
-99.00
-99.00
-99.00
-99.00
-99.00
-99.00
-99.00
-99.00
-99.00
-99.00
-99.00
-99.00
-99.00
-99.00
-99.00
-99.00
-99.00
-99.00
-99.00
-99.00
-99.00
-99.00
-99.00
-99.00
-99.00
-99.00
-99.00
-99.00
-99.00
-99.00
-99.00
-99.00
-99.00
-99.00
-99.00
-99.00
-99.00
-99.00
-99.00
-99.00
-99.00
-99.00
-99.00
-99.00
-99.00
-99.00
-99.00
-99.00
-99.00
-99.00
-99.00
-99.00
-99.00
-99.00
-99.00
-99.00
-99.00
-99.00
-99.00
-99.00
-99.00
-99.00
-99.00
-99.00
-99.00
-99.00
-99.00
-99.00
-99.00
-99.00
-99.00
-99.00
-99.00
-99.00
-99.00
-99.00
-99.00
-99.00
-99.00
-99.00
-99.00
-99.00
-99.00
-99.00
-99.00
-99.00
-99.00
-99.00
-99.00
-99.00
-99.00
-99.00
-99.00
-99.00
-99.00
-99.00
-99.00
-99.00
-99.00
-99.00
-99.00
-99.00
-99.00
-99.00
-99.00
-99.00
-99.00
-99.00
-99.00
-99.00
-99.00
-99.00
-99.00
-99.00
-99.00
-99.00
-99.00
-99.00
-99.00
-99.00
-99.00
-99.00
-99.00
-99.00
-99.00
-99.00
-99.00
-99.00
-99.00
-99.00
-99.00
-99.00
-99.00
-99.00
-99.00
-99.00
-99.00
-99.00
-99.00
-99.00
-99.00
-99.00
-99.00
-99.00
-99.00
-99.00
-99.00
-99.00
-99.00
-99.00
-99.00
-99.00
-99.00
-99.00
-99.00
-99.00
-99.00
-99.00
-99.00
-99.00
-99.00
-99.00
-99.00
-99.00
-99.00
-99.00
-99.00
-99.00
-99.00
-99.00
-99.00
-99.00
-99.00
-99.00
-99.00
-99.00
-99.00
-99.00
-99.00
-99.00
-99.00
-99.00
-99.00
-99.00
-99.00
-99.00
-99.00
-99.00
-99.00
-99.00
-99.00
-99.00
-99.00
-99.00
-99.00
-99.00
-99.00
-99.00
-99.00
-99.00
-99.00
-99.00
-99.00
-99.00
-99.00
-99.00
-99.00
-99.00
-99.00
-99.00
-99.00
-99.00
-99.00
-99.00
-99.00
-99.00
-99.00
-99.00
-99.00
-99.00
-99.00
-99.00
-99.00
-99.00
-99.00
-99.00
-99.00
-99.00
-99.00
-99.00
-99.00
-99.00
-99.00
-99.00
-99.00
-99.00
-99.00
-99.00
-99.00
-99.00
-99.00
-99.00
-99.00
-99.00
-99.00
-99.00
-99.00
-99.00
-99.00
-99.00
-99.00
-99.00
-99.00
-99.00
-99.00
-99.00
-99.00
-99.00
-99.00
-99.00
-99.00
-99.00
-99.00
-99.00
-99.00
-99.00
-99.00
-99.00
-99.00
-99.00
-99.00
-99.00
-99.00
-99.00
-99.00
-99.00
-99.00
-99.00
-99.00
-99.00
-99.00
-99.00
-99.00
-99.00
-99.00
-99.00
-99.00
-99.00
-99.00
-99.00
-99.00
-99.00
-99.00
-99.00
-99.00
-99.00
-99.00
-99.00
-99.00
-99.00
-99.00
-99.00
-99.00
-99.00
-99.00
-99.00
-99.00
-99.00
-99.00
-99.00
-99.00
-99.00
-99.00
-99.00
-99.00
-99.00
-99.00
-99.00
-99.00
-99.00
-99.00
-99.00
-99.00
-99.00
-99.00
-99.00
-99.00
-99.00
-99.00
-99.00
-99.00
-99.00
-99.00
-99.00
-99.00
-99.00
-99.00
-99.00
-99.00
-99.00
-99.00
-99.00
-99.00
-99.00
-99.00
-99.00
-99.00
-99.00
-99.00
-99.00
-99.00
-99.00
-99.00
-99.00
-99.00
-99.00
-99.00
-99.00
-99.00
-99.00
-99.00
-99.00
-99.00
-99.00
-99.00
-99.00
-99.00
-99.00
-99.00
-99.00
-99.00
-99.00
-99.00
-99.00
-99.00
-99.00
-99.00
-99.00
-99.00
-99.00
-99.00
-99.00
-99.00
-99.00
-99.00
-99.00
-99.00
-99.00
-99.00
-99.00
-99.00
-99.00
-99.00
-99.00
-99.00
-99.00
-99.00
-99.00
-99.00
-99.00
-99.00
-99.00
-99.00
-99.00
-99.00
-99.00
-99.00
-99.00
-99.00
-99.00
-99.00
-99.00
-99.00
-99.00
-99.00
-99.00
-99.00
-99.00
-99.00
-99.00
-99.00
-99.00
-99.00
-99.00
-99.00
-99.00
-99.00
-99.00
-99.00
-99.00
-99.00
-99.00
-99.00
-99.00
-99.00
-99.00
-99.00
-99.00
-99.00
-99.00
-99.00
-99.00
-99.00
-99.00
-99.00
-99.00
-99.00
-99.00
-99.00
-99.00
-99.00
-99.00
-99.00
-99.00
-99.00
-99.00
-99.00
-99.00
-99.00
-99.00
-99.00
-99.00
-99.00
-99.00
-99.00
-99.00
-99.00
-99.00
-99.00
-99.00
-99.00
-99.00
-99.00
-99.00
-99.00
-99.00
-99.00
-99.00
-99.00
-99.00
-99.00
-99.00
-99.00
-99.00
-99.00
-99.00
-99.00
-99.00
-99.00
-99.00
-99.00
-99.00
-99.00
-99.00
-99.00
-99.00
-99.00
-99.00
-99.00
-99.00
-99.00
-99.00
-99.00
-99.00
-99.00
-99.00
-99.00
-99.00
-99.00
-99.00
-99.00
-99.00
-99.00
-99.00
-99.00
-99.00
-99.00
-99.00
-99.00
-99.00
-99.00
-99.00
-99.00
-99.00
-99.00
-99.00
-99.00
-99.00
-99.00
-99.00
-99.00
-99.00
-99.00
-99.00
-99.00
-99.00
-99.00
-99.00
-99.00
-99.00
-99.00
-99.00
-99.00
-99.00
-99.00
-99.00
-99.00
-99.00
-99.00
-99.00
-99.00
-99.00
-99.00
-99.00
-99.00
-99.00
-99.00
-99.00
-99.00
-99.00
-99.00
-99.00
-99.00
-99.00
-99.00
-99.00
-99.00
-99.00
-99.00
-99.00
-99.00
-99.00
-99.00
-99.00
-99.00
-99.00
-99.00
-99.00
-99.00
-99.00
-99.00
-99.00
-99.00
-99.00
-99.00
-99.00
-99.00
-99.00
-99.00
-99.00
-99.00
-99.00
-99.00
-99.00
-99.00
-99.00
-99.00
-99.00
-99.00
-99.00
-99.00
-99.00
-99.00
-99.00
-99.00
-99.00
-99.00
-99.00
-99.00
-99.00
-99.00
-99.00
-99.00
-99.00
-99.00
-99.00
-99.00
-99.00
-99.00
-99.00
-99.00
-99.00
-99.00
-99.00
-99.00
-99.00
-99.00
-99.00
-99.00
-99.00
-99.00
-99.00
-99.00
-99.00
-99.00
-99.00
-99.00
-99.00
-99.00
-99.00
-99.00
-99.00
-99.00
-99.00
-99.00
-99.00
-99.00
-99.00
-99.00
-99.00
-99.00
-99.00
-99.00
-99.00
-99.00
-99.00
-99.00
-99.00
-99.00
-99.00
-99.00
-99.00
-99.00
-99.00
-99.00
-99.00
-99.00
-99.00
-99.00
-99.00
-99.00
-99.00
-99.00
-99.00
-99.00
-99.00
-99.00
-99.00
-99.00
-99.00
-99.00
-99.00
-99.00
-99.00
-99.00
-99.00
-99.00
-99.00
-99.00
-99.00
-99.00
-99.00
-99.00
-99.00
-99.00
-99.00
-99.00
-99.00
-99.00
-99.00
-99.00
-99.00
-99.00
-99.00
-99.00
-99.00
-99.00
-99.00
-99.00
-99.00
-99.00
-99.00
-99.00
-99.00
-99.00
-99.00
-99.00
-99.00
-99.00
-99.00
-99.00
-99.00
-99.00
-99.00
-99.00
-99.00
-99.00
-99.00
-99.00
-99.00
-99.00
-99.00
-99.00
-99.00
-99.00
-99.00
-99.00
-99.00
-99.00
-99.00
-99.00
-99.00
-99.00
-99.00
-99.00
-99.00
-99.00
-99.00
-99.00
-99.00
-99.00
-99.00
-99.00
-99.00
-99.00
-99.00
-99.00
-99.00
-99.00
-99.00
-99.00
-99.00
-99.00
-99.00
-99.00
-99.00
-99.00
-99.00
-99.00
-99.00
-99.00
-99.00
-99.00
-99.00
-99.00
-99.00
-99.00
-99.00
-99.00
-99.00
-99.00
-99.00
-99.00
-99.00
-99.00
-99.00
-99.00
-99.00
-99.00
-99.00
-99.00
-99.00
-99.00
-99.00
-99.00
-99.00
-99.00
-99.00
-99.00
-99.00
-99.00
-99.00
-99.00
-99.00
-99.00
-99.00
-99.00
-99.00
-99.00
-99.00
-99.00
-99.00
-99.00
-99.00
-99.00
-99.00
-99.00
-99.00
-99.00
-99.00
-99.00
-99.00
-99.00
-99.00
-99.00
-99.00
-99.00
-99.00
-99.00
-99.00
-99.00
-99.00
-99.00
-99.00
-99.00
-99.00
-99.00
-99.00
-99.00
-99.00
-99.00
-99.00
-99.00
-99.00
-99.00
-99.00
-99.00
-99.00
-99.00
-99.00
-99.00
-99.00
-99.00
-99.00
-99.00
-99.00
-99.00
-99.00
-99.00
-99.00
-99.00
-99.00
-99.00
-99.00
-99.00
-99.00
-99.00
-99.00
-99.00
-99.00
-99.00
-99.00
-99.00
-99.00
-99.00
-99.00
-99.00
-99.00
-99.00
-99.00
-99.00
-99.00
-99.00
-99.00
-99.00
-99.00
-99.00
-99.00
-99.00
-99.00
-99.00
-99.00
-99.00
-99.00
-99.00
-99.00
-99.00
-99.00
-99.00
-99.00
-99.00
-99.00
-99.00
-99.00
-99.00
-99.00
-99.00
-99.00
-99.00
-99.00
-99.00
-99.00
-99.00
-99.00
-99.00
-99.00
-99.00
-99.00
-99.00
-99.00
-99.00
-99.00
-99.00
-99.00
-99.00
-99.00
-99.00
-99.00
-99.00
-99.00
-99.00
-99.00
-99.00
-99.00
-99.00
-99.00
-99.00
-99.00
-99.00
-99.00
-99.00
-99.00
-99.00
-99.00
-99.00
-99.00
-99.00
-99.00
-99.00
-99.00
-99.00
-99.00
-99.00
-99.00
-99.00
-99.00
-99.00
-99.00
-99.00
-99.00
-99.00
-99.00
-99.00
-99.00
-99.00
-99.00
-99.00
-99.00
-99.00
-99.00
-99.00
-99.00
-99.00
-99.00
-99.00
-99.00
-99.00
-99.00
-99.00
-99.00
-99.00
-99.00
-99.00
-99.00
-99.00
-99.00
-99.00
-99.00
-99.00
-99.00
-99.00
-99.00
-99.00
-99.00
-99.00
-99.00
-99.00
-99.00
-99.00
-99.00
-99.00
-99.00
-99.00
-99.00
-99.00
-99.00
-99.00
-99.00
-99.00
-99.00
-99.00
-99.00
-99.00
-99.00
-99.00
-99.00
-99.00
-99.00
-99.00
-99.00
-99.00
-99.00
-99.00
-99.00
-99.00
-99.00
-99.00
-99.00
-99.00
-99.00
-99.00
-99.00
-99.00
-99.00
-99.00
-99.00
-99.00
-99.00
-99.00
-99.00
-99.00
-99.00
-99.00
-99.00
-99.00
-99.00
-99.00
-99.00
-99.00
-99.00
-99.00
-99.00
-99.00
-99.00
-99.00
-99.00
-99.00
-99.00
-99.00
-99.00
-99.00
-99.00
-99.00
-99.00
-99.00
-99.00
-99.00
-99.00
-99.00
-99.00
-99.00
-99.00
-99.00
-99.00
-99.00
-99.00
-99.00
-99.00
-99.00
-99.00
-99.00
-99.00
-99.00
-99.00
-99.00
-99.00
-99.00
-99.00
-99.00
-99.00
-99.00
-99.00
-99.00
-99.00
-99.00
-99.00
-99.00
-99.00
-99.00
-99.00
-99.00
-99.00
-99.00
-99.00
-99.00
-99.00
-99.00
-99.00
-99.00
-99.00
-99.00
-99.00
-99.00
-99.00
-99.00
-99.00
-99.00
-99.00
-99.00
-99.00
-99.00
-99.00
-99.00
-99.00
-99.00
-99.00
-99.00
-99.00
-99.00
-99.00
-99.00
-99.00
-99.00
-99.00
-99.00
-99.00
-99.00
-99.00
-99.00
-99.00
-99.00
-99.00
-99.00
-99.00
-99.00
-99.00
-99.00
-99.00
-99.00
-99.00
-99.00
-99.00
-99.00
-99.00
-99.00
-99.00
-99.00
-99.00
-99.00
-99.00
-99.00
-99.00
-99.00
-99.00
-99.00
-99.00
-99.00
-99.00
-99.00
-99.00
-99.00
-99.00
-99.00
-99.00
-99.00
-99.00
-99.00
-99.00
-99.00
-99.00
-99.00
-99.00
-99.00
-99.00
-99.00
-99.00
-99.00
-99.00
-99.00
-99.00
-99.00
-99.00
-99.00
-99.00
-99.00
-99.00
-99.00
-99.00
-99.00
-99.00
-99.00
-99.00
-99.00
-99.00
-99.00
-99.00
-99.00
-99.00
-99.00
-99.00
-99.00
-99.00
-99.00
-99.00
-99.00
-99.00
-99.00
-99.00
-99.00
-99.00
-99.00
-99.00
-99.00
-99.00
-99.00
-99.00
-99.00
-99.00
-99.00
-99.00
-99.00
-99.00
-99.00
-99.00
-99.00
-99.00
-99.00
-99.00
-99.00
-99.00
-99.00
-99.00
-99.00
-99.00
-99.00
-99.00
-99.00
-99.00
-99.00
-99.00
-99.00
-99.00
-99.00
-99.00
-99.00
-99.00
-99.00
-99.00
-99.00
-99.00
-99.00
-99.00
-99.00
-99.00
-99.00
-99.00
-99.00
-99.00
-99.00
-99.00
-99.00
-99.00
-99.00
-99.00
-99.00
-99.00
-99.00
-99.00
-99.00
-99.00
-99.00
-99.00
-99.00
-99.00
-99.00
0.00
-99.00
-99.00
-99.00
-99.00
0.00
0.00
0.00
0.00
0.00
0.00
0.00
-99.00
-99.00
-99.00
-99.00
-99.00
-99.00
-99.00
-99.00
-99.00
-99.00
-99.00
-99.00
-99.00
-99.00
-99.00
-99.00
-99.00
-99.00
-99.00
-99.00
-99.00
-99.00
-99.00
-99.00
-99.00
-99.00
-99.00
-99.00
-99.00
-99.00
-99.00
-99.00
-99.00
-99.00
-99.00
-99.00
-99.00
-99.00
-99.00
-99.00
-99.00
-99.00
-99.00
-99.00
-99.00
-99.00
-99.00
-99.00
-99.00
-99.00
-99.00
-99.00
-99.00
-99.00
-99.00
-99.00
-99.00
-99.00
-99.00
-99.00
-99.00
-99.00
-99.00
-99.00
-99.00
-99.00
-99.00
-99.00
-99.00
-99.00
-99.00
-99.00
-99.00
-99.00
-99.00
-99.00
-99.00
-99.00
-99.00
-99.00
-99.00
-99.00
-99.00
-99.00
-99.00
-99.00
-99.00
-99.00
-99.00
-99.00
-99.00
-99.00
-99.00
-99.00
-99.00
-99.00
-99.00
-99.00
-99.00
-99.00
-99.00
-99.00
-99.00
-99.00
-99.00
-99.00
-99.00
-99.00
-99.00
-99.00
-99.00
-99.00
-99.00
-99.00
-99.00
-99.00
-99.00
-99.00
-99.00
-99.00
-99.00
-99.00
-99.00
-99.00
-99.00
-99.00
-99.00
-99.00
-99.00
-99.00
-99.00
-99.00
-99.00
-99.00
-99.00
-99.00
-99.00
-99.00
-99.00
-99.00
-99.00
-99.00
-99.00
-99.00
-99.00
-99.00
-99.00
-99.00
-99.00
-99.00
-99.00
-99.00
-99.00
-99.00
-99.00
-99.00
-99.00
-99.00
-99.00
-99.00
-99.00
-99.00
-99.00
-99.00
-99.00
-99.00
-99.00
-99.00
-99.00
-99.00
-99.00
-99.00
-99.00
-99.00
-99.00
-99.00
-99.00
-99.00
-99.00
-99.00
-99.00
-99.00
-99.00
-99.00
-99.00
-99.00
-99.00
-99.00
-99.00
-99.00
-99.00
-99.00
-99.00
-99.00
-99.00
-99.00
-99.00
-99.00
-99.00
-99.00
-99.00
-99.00
-99.00
-99.00
-99.00
-99.00
-99.00
-99.00
-99.00
-99.00
-99.00
-99.00
-99.00
-99.00
-99.00
-99.00
-99.00
-99.00
-99.00
-99.00
-99.00
-99.00
-99.00
-99.00
-99.00
-99.00
-99.00
-99.00
-99.00
-99.00
-99.00
-99.00
-99.00
-99.00
-99.00
-99.00
-99.00
-99.00
-99.00
-99.00
-99.00
-99.00
-99.00
-99.00
-99.00
-99.00
-99.00
-99.00
-99.00
-99.00
-99.00
-99.00
-99.00
-99.00
-99.00
-99.00
-99.00
-99.00
-99.00
-99.00
-99.00
-99.00
-99.00
-99.00
-99.00
-99.00
-99.00
-99.00
-99.00
-99.00
-99.00
-99.00
-99.00
-99.00
-99.00
-99.00
-99.00
-99.00
-99.00
-99.00
-99.00
-99.00
-99.00
-99.00
-99.00
-99.00
-99.00
-99.00
-99.00
-99.00
-99.00
-99.00
-99.00
-99.00
-99.00
-99.00
-99.00
-99.00
-99.00
-99.00
-99.00
-99.00
-99.00
-99.00
-99.00
-99.00
-99.00
-99.00
-99.00
-99.00
-99.00
-99.00
-99.00
-99.00
-99.00
-99.00
-99.00
-99.00
-99.00
-99.00
-99.00
-99.00
-99.00
-99.00
-99.00
-99.00
-99.00
-99.00
-99.00
-99.00
-99.00
-99.00
-99.00
-99.00
-99.00
-99.00
-99.00
-99.00
-99.00
-99.00
-99.00
-99.00
-99.00
-99.00
-99.00
-99.00
-99.00
-99.00
-99.00
-99.00
-99.00
-99.00
-99.00
-99.00
-99.00
-99.00
-99.00
-99.00
-99.00
-99.00
-99.00
-99.00
-99.00
-99.00
-99.00
-99.00
-99.00
-99.00
-99.00
-99.00
-99.00
-99.00
-99.00
-99.00
-99.00
-99.00
-99.00
-99.00
-99.00
-99.00
-99.00
-99.00
-99.00
-99.00
-99.00
-99.00
-99.00
-99.00
-99.00
-99.00
-99.00
-99.00
-99.00
-99.00
-99.00
-99.00
-99.00
-99.00
-99.00
-99.00
-99.00
-99.00
-99.00
-99.00
-99.00
-99.00
-99.00
-99.00
-99.00
-99.00
-99.00
-99.00
-99.00
-99.00
-99.00
-99.00
-99.00
-99.00
-99.00
-99.00
-99.00
-99.00
-99.00
-99.00
-99.00
-99.00
-99.00
-99.00
-99.00
-99.00
-99.00
-99.00
-99.00
-99.00
-99.00
-99.00
-99.00
-99.00
-99.00
-99.00
-99.00
-99.00
-99.00
-99.00
-99.00
-99.00
-99.00
-99.00
-99.00
-99.00
-99.00
-99.00
-99.00
-99.00
-99.00
-99.00
-99.00
-99.00
-99.00
-99.00
-99.00
-99.00
-99.00
-99.00
-99.00
-99.00
-99.00
-99.00
-99.00
-99.00
-99.00
-99.00
-99.00
-99.00
-99.00
-99.00
-99.00
-99.00
-99.00
-99.00
-99.00
-99.00
-99.00
-99.00
-99.00
-99.00
-99.00
-99.00
-99.00
-99.00
-99.00
-99.00
-99.00
-99.00
-99.00
-99.00
-99.00
-99.00
-99.00
-99.00
-99.00
-99.00
-99.00
-99.00
-99.00
-99.00
-99.00
-99.00
-99.00
-99.00
-99.00
-99.00
-99.00
-99.00
-99.00
-99.00
-99.00
-99.00
-99.00
-99.00
-99.00
-99.00
-99.00
-99.00
-99.00
-99.00
-99.00
-99.00
-99.00
-99.00
-99.00
-99.00
-99.00
-99.00
-99.00
-99.00
-99.00
-99.00
-99.00
-99.00
-99.00
-99.00
-99.00
-99.00
-99.00
-99.00
-99.00
-99.00
-99.00
-99.00
-99.00
-99.00
-99.00
-99.00
-99.00
-99.00
-99.00
-99.00
-99.00
-99.00
-99.00
-99.00
-99.00
-99.00
-99.00
-99.00
-99.00
-99.00
-99.00
-99.00
-99.00
-99.00
-99.00
-99.00
-99.00
-99.00
-99.00
-99.00
-99.00
-99.00
-99.00
-99.00
-99.00
-99.00
-99.00
-99.00
-99.00
-99.00
-99.00
-99.00
-99.00
-99.00
-99.00
-99.00
-99.00
-99.00
-99.00
-99.00
-99.00
-99.00
-99.00
-99.00
-99.00
-99.00
-99.00
-99.00
-99.00
-99.00
-99.00
-99.00
-99.00
-99.00
-99.00
-99.00
-99.00
-99.00
-99.00
-99.00
-99.00
-99.00
-99.00
-99.00
-99.00
-99.00
-99.00
-99.00
-99.00
-99.00
-99.00
-99.00
-99.00
-99.00
-99.00
-99.00
-99.00
-99.00
-99.00
-99.00
-99.00
-99.00
-99.00
-99.00
-99.00
-99.00
-99.00
-99.00
-99.00
-99.00
-99.00
-99.00
-99.00
-99.00
-99.00
-99.00
-99.00
-99.00
-99.00
-99.00
-99.00
-99.00
-99.00
-99.00
-99.00
-99.00
-99.00
-99.00
-99.00
-99.00
-99.00
-99.00
-99.00
-99.00
-99.00
-99.00
-99.00
-99.00
-99.00
-99.00
-99.00
-99.00
-99.00
-99.00
-99.00
-99.00
-99.00
-99.00
-99.00
-99.00
-99.00
-99.00
-99.00
-99.00
-99.00
-99.00
-99.00
-99.00
-99.00
-99.00
-99.00
-99.00
-99.00
-99.00
-99.00
-99.00
-99.00
-99.00
-99.00
-99.00
-99.00
-99.00
-99.00
-99.00
-99.00
-99.00
-99.00
-99.00
-99.00
-99.00
-99.00
-99.00
-99.00
-99.00
-99.00
-99.00
-99.00
-99.00
-99.00
-99.00
-99.00
-99.00
-99.00
-99.00
-99.00
-99.00
-99.00
-99.00
-99.00
-99.00
-99.00
-99.00
-99.00
-99.00
-99.00
-99.00
-99.00
-99.00
-99.00
-99.00
-99.00
-99.00
-99.00
-99.00
-99.00
-99.00
-99.00
-99.00
-99.00
-99.00
-99.00
-99.00
-99.00
-99.00
-99.00
-99.00
-99.00
-99.00
-99.00
-99.00
-99.00
-99.00
-99.00
-99.00
-99.00
-99.00
-99.00
-99.00
-99.00
-99.00
-99.00
-99.00
-99.00
-99.00
-99.00
-99.00
-99.00
-99.00
-99.00
-99.00
-99.00
-99.00
-99.00
-99.00
-99.00
-99.00
-99.00
-99.00
-99.00
-99.00
-99.00
-99.00
-99.00
-99.00
-99.00
-99.00
-99.00
-99.00
-99.00
-99.00
-99.00
-99.00
-99.00
-99.00
-99.00
-99.00
-99.00
-99.00
-99.00
-99.00
-99.00
-99.00
-99.00
-99.00
-99.00
-99.00
-99.00
-99.00
-99.00
-99.00
-99.00
-99.00
-99.00
-99.00
-99.00
-99.00
-99.00
-99.00
-99.00
-99.00
-99.00
-99.00
-99.00
-99.00
-99.00
-99.00
-99.00
-99.00
-99.00
-99.00
-99.00
-99.00
-99.00
-99.00
-99.00
-99.00
-99.00
-99.00
-99.00
-99.00
-99.00
-99.00
-99.00
-99.00
-99.00
-99.00
-99.00
-99.00
-99.00
-99.00
-99.00
-99.00
-99.00
-99.00
-99.00
-99.00
-99.00
-99.00
-99.00
-99.00
-99.00
-99.00
-99.00
-99.00
-99.00
-99.00
-99.00
-99.00
-99.00
-99.00
-99.00
-99.00
-99.00
-99.00
-99.00
-99.00
-99.00
-99.00
-99.00
-99.00
-99.00
-99.00
-99.00
-99.00
-99.00
-99.00
-99.00
-99.00
-99.00
-99.00
-99.00
-99.00
-99.00
-99.00
-99.00
-99.00
-99.00
-99.00
-99.00
-99.00
-99.00
-99.00
-99.00
-99.00
-99.00
-99.00
-99.00
-99.00
-99.00
-99.00
-99.00
-99.00
-99.00
-99.00
-99.00
-99.00
-99.00
-99.00
-99.00
-99.00
-99.00
-99.00
-99.00
-99.00
-99.00
-99.00
-99.00
-99.00
-99.00
-99.00
-99.00
-99.00
-99.00
-99.00
-99.00
-99.00
-99.00
-99.00
-99.00
-99.00
-99.00
-99.00
-99.00
-99.00
-99.00
-99.00
-99.00
-99.00
-99.00
-99.00
-99.00
-99.00
-99.00
-99.00
-99.00
-99.00
-99.00
-99.00
-99.00
-99.00
-99.00
-99.00
-99.00
-99.00
-99.00
-99.00
-99.00
-99.00
-99.00
-99.00
-99.00
-99.00
-99.00
-99.00
-99.00
-99.00
-99.00
-99.00
-99.00
-99.00
-99.00
-99.00
-99.00
-99.00
-99.00
-99.00
-99.00
-99.00
-99.00
-99.00
-99.00
-99.00
-99.00
-99.00
-99.00
-99.00
-99.00
-99.00
-99.00
-99.00
-99.00
-99.00
-99.00
-99.00
-99.00
-99.00
-99.00
-99.00
-99.00
-99.00
-99.00
-99.00
-99.00
-99.00
-99.00
-99.00
-99.00
-99.00
-99.00
-99.00
-99.00
-99.00
-99.00
-99.00
-99.00
-99.00
-99.00
-99.00
-99.00
-99.00
-99.00
-99.00
-99.00
-99.00
-99.00
-99.00
-99.00
-99.00
-99.00
-99.00
-99.00
-99.00
-99.00
-99.00
-99.00
-99.00
-99.00
-99.00
-99.00
-99.00
-99.00
-99.00
-99.00
-99.00
-99.00
-99.00
-99.00
-99.00
-99.00
-99.00
-99.00
-99.00
-99.00
-99.00
-99.00
-99.00
-99.00
-99.00
-99.00
-99.00
-99.00
-99.00
-99.00
-99.00
-99.00
-99.00
-99.00
-99.00
-99.00
-99.00
-99.00
-99.00
-99.00
-99.00
-99.00
-99.00
-99.00
-99.00
-99.00
-99.00
-99.00
-99.00
-99.00
-99.00
-99.00
-99.00
-99.00
-99.00
-99.00
-99.00
-99.00
-99.00
-99.00
-99.00
-99.00
-99.00
-99.00
-99.00
-99.00
-99.00
-99.00
-99.00
-99.00
-99.00
-99.00
-99.00
-99.00
-99.00
-99.00
-99.00
-99.00
-99.00
-99.00
-99.00
-99.00
-99.00
-99.00
-99.00
-99.00
-99.00
-99.00
-99.00
-99.00
-99.00
-99.00
-99.00
-99.00
-99.00
-99.00
-99.00
-99.00
-99.00
-99.00
-99.00
-99.00
-99.00
-99.00
-99.00
-99.00
-99.00
-99.00
-99.00
-99.00
-99.00
-99.00
-99.00
-99.00
-99.00
-99.00
-99.00
-99.00
-99.00
-99.00
-99.00
-99.00
-99.00
-99.00
-99.00
-99.00
-99.00
-99.00
-99.00
-99.00
-99.00
-99.00
-99.00
-99.00
-99.00
-99.00
-99.00
-99.00
-99.00
-99.00
-99.00
-99.00
-99.00
-99.00
-99.00
-99.00
-99.00
-99.00
-99.00
-99.00
-99.00
-99.00
-99.00
-99.00
-99.00
-99.00
-99.00
-99.00
-99.00
-99.00
-99.00
-99.00
-99.00
-99.00
-99.00
-99.00
-99.00
-99.00
-99.00
-99.00
-99.00
-99.00
-99.00
-99.00
-99.00
-99.00
-99.00
-99.00
-99.00
-99.00
-99.00
-99.00
-99.00
-99.00
-99.00
-99.00
-99.00
-99.00
-99.00
-99.00
-99.00
-99.00
-99.00
-99.00
-99.00
-99.00
-99.00
-99.00
-99.00
-99.00
-99.00
-99.00
-99.00
-99.00
-99.00
-99.00
-99.00
-99.00
-99.00
-99.00
-99.00
-99.00
-99.00
-99.00
-99.00
-99.00
-99.00
-99.00
-99.00
-99.00
-99.00
-99.00
-99.00
-99.00
-99.00
-99.00
-99.00
-99.00
-99.00
-99.00
-99.00
-99.00
-99.00
-99.00
-99.00
-99.00
-99.00
-99.00
-99.00
-99.00
-99.00
-99.00
-99.00
-99.00
-99.00
-99.00
-99.00
-99.00
-99.00
-99.00
-99.00
-99.00
-99.00
-99.00
-99.00
-99.00
-99.00
-99.00
-99.00
-99.00
-99.00
-99.00
-99.00
-99.00
-99.00
-99.00
-99.00
-99.00
-99.00
-99.00
-99.00
-99.00
-99.00
-99.00
-99.00
-99.00
-99.00
-99.00
-99.00
-99.00
-99.00
-99.00
-99.00
-99.00
-99.00
-99.00
-99.00
-99.00
-99.00
-99.00
-99.00
-99.00
-99.00
-99.00
-99.00
-99.00
-99.00
-99.00
-99.00
-99.00
-99.00
-99.00
-99.00
-99.00
-99.00
-99.00
-99.00
-99.00
-99.00
-99.00
-99.00
-99.00
-99.00
-99.00
-99.00
-99.00
-99.00
-99.00
-99.00
-99.00
-99.00
-99.00
-99.00
-99.00
-99.00
-99.00
-99.00
-99.00
-99.00
-99.00
-99.00
-99.00
-99.00
-99.00
-99.00
-99.00
-99.00
-99.00
-99.00
-99.00
-99.00
-99.00
-99.00
-99.00
-99.00
-99.00
-99.00
-99.00
-99.00
-99.00
-99.00
-99.00
-99.00
-99.00
-99.00
-99.00
-99.00
-99.00
-99.00
-99.00
-99.00
-99.00
-99.00
-99.00
-99.00
-99.00
-99.00
-99.00
-99.00
-99.00
-99.00
-99.00
-99.00
-99.00
-99.00
-99.00
-99.00
-99.00
-99.00
-99.00
-99.00
-99.00
-99.00
-99.00
-99.00
-99.00
-99.00
-99.00
-99.00
-99.00
-99.00
-99.00
-99.00
-99.00
-99.00
-99.00
-99.00
-99.00
-99.00
-99.00
-99.00
-99.00
-99.00
-99.00
-99.00
-99.00
-99.00
-99.00
-99.00
-99.00
-99.00
-99.00
-99.00
-99.00
-99.00
-99.00
-99.00
-99.00
-99.00
-99.00
-99.00
-99.00
-99.00
-99.00
-99.00
-99.00
-99.00
-99.00
-99.00
-99.00
-99.00
-99.00
-99.00
-99.00
-99.00
-99.00
-99.00
-99.00
-99.00
-99.00
-99.00
-99.00
-99.00
-99.00
-99.00
-99.00
-99.00
-99.00
-99.00
-99.00
-99.00
-99.00
-99.00
-99.00
-99.00
-99.00
-99.00
-99.00
-99.00
-99.00
-99.00
-99.00
-99.00
-99.00
-99.00
-99.00
-99.00
-99.00
-99.00
-99.00
-99.00
-99.00
-99.00
-99.00
-99.00
-99.00
-99.00
-99.00
-99.00
-99.00
-99.00
-99.00
-99.00
-99.00
-99.00
-99.00
-99.00
-99.00
-99.00
-99.00
-99.00
-99.00
-99.00
-99.00
-99.00
-99.00
-99.00
-99.00
-99.00
-99.00
-99.00
-99.00
-99.00
-99.00
-99.00
-99.00
-99.00
-99.00
-99.00
-99.00
-99.00
-99.00
-99.00
-99.00
-99.00
-99.00
-99.00
-99.00
-99.00
-99.00
-99.00
-99.00
-99.00
-99.00
-99.00
-99.00
-99.00
-99.00
-99.00
-99.00
-99.00
-99.00
-99.00
-99.00
-99.00
-99.00
-99.00
-99.00
-99.00
-99.00
-99.00
-99.00
-99.00
-99.00
-99.00
-99.00
-99.00
-99.00
-99.00
-99.00
-99.00
-99.00
-99.00
-99.00
-99.00
-99.00
-99.00
-99.00
-99.00
-99.00
-99.00
-99.00
-99.00
-99.00
-99.00
-99.00
-99.00
-99.00
-99.00
-99.00
-99.00
-99.00
-99.00
-99.00
-99.00
-99.00
-99.00
-99.00
-99.00
-99.00
-99.00
-99.00
-99.00
-99.00
-99.00
-99.00
-99.00
-99.00
-99.00
-99.00
-99.00
-99.00
-99.00
-99.00
-99.00
-99.00
-99.00
-99.00
-99.00
-99.00
-99.00
-99.00
-99.00
-99.00
-99.00
-99.00
-99.00
-99.00
-99.00
-99.00
-99.00
-99.00
-99.00
-99.00
-99.00
-99.00
-99.00
-99.00
-99.00
-99.00
-99.00
-99.00
-99.00
-99.00
-99.00
-99.00
-99.00
-99.00
-99.00
-99.00
-99.00
-99.00
-99.00
-99.00
-99.00
-99.00
-99.00
-99.00
-99.00
-99.00
-99.00
-99.00
-99.00
-99.00
-99.00
-99.00
-99.00
-99.00
-99.00
-99.00
-99.00
-99.00
-99.00
-99.00
-99.00
-99.00
-99.00
-99.00
-99.00
-99.00
-99.00
-99.00
-99.00
-99.00
-99.00
-99.00
-99.00
-99.00
-99.00
-99.00
-99.00
-99.00
-99.00
-99.00
-99.00
-99.00
-99.00
-99.00
-99.00
-99.00
-99.00
-99.00
-99.00
-99.00
-99.00
-99.00
-99.00
-99.00
-99.00
-99.00
-99.00
-99.00
-99.00
-99.00
-99.00
-99.00
-99.00
-99.00
-99.00
-99.00
-99.00
-99.00
-99.00
-99.00
-99.00
-99.00
-99.00
-99.00
-99.00
-99.00
-99.00
-99.00
-99.00
-99.00
-99.00
-99.00
-99.00
-99.00
-99.00
-99.00
-99.00
-99.00
-99.00
-99.00
-99.00
-99.00
-99.00
-99.00
-99.00
-99.00
-99.00
-99.00
-99.00
-99.00
-99.00
-99.00
-99.00
-99.00
-99.00
-99.00
-99.00
-99.00
-99.00
-99.00
-99.00
-99.00
-99.00
-99.00
-99.00
-99.00
-99.00
-99.00
-99.00
-99.00
-99.00
-99.00
-99.00
-99.00
-99.00
-99.00
-99.00
-99.00
-99.00
-99.00
-99.00
-99.00
-99.00
-99.00
-99.00
-99.00
-99.00
-99.00
-99.00
-99.00
-99.00
-99.00
-99.00
-99.00
-99.00
-99.00
-99.00
-99.00
-99.00
-99.00
-99.00
-99.00
-99.00
-99.00
-99.00
-99.00
-99.00
-99.00
-99.00
