20000101	
0	
0	
0	
0	
0	
0	
0	
0	
7.4	
0	
0	
0	
0.1	
0.8	
0	
0	
0	
0	
0	
0	
0	
0	
0	
0	
3.3	
0.1	
0	
0	
0.1	
0	
0	
0	
0	
0	
0	
0	
0	
0	
0	
0	
0	
0	
1.3	
0	
0	
0	
0	
0	
0	
0	
0	
0	
0	
0	
0	
0	
0	
0	
0	
0	
0	
0	
0	
0	
0	
0	
0	
0	
0	
0	
0	
0	
0	
0	
0	
0	
0	
0	
0	
0	
0	
0	
0.2	
0	
0.9	
2.1	
2.2	
14.59	
0	
0.6	
11.69	
0	
0	
0	
0	
0	
0	
0	
0	
0	
8.6	
12.7	
0.1	
0	
0	
0	
0	
1	
0	
0	
0	
0	
0	
0.2	
0	
0	
0	
0	
14.85	
0	
0	
4.05	
3.33	
0.57	
0.23	
0	
0	
0	
0	
0.1	
15.29	
0	
0	
0	
0	
0	
0	
1.2	
0	
0.6	
0	
0.06	
24.13	
0	
0	
0	
0.04	
6.66	
0	
0	
0	
0	
0	
0	
0	
0.2	
4.4	
0.1	
0	
0	
0	
34.19	
1.9	
0	
1	
0.3	
0	
0	
0	
0	
0	
0	
0	
0	
0	
0	
0.2	
0	
0	
0	
0	
0	
0	
0	
0	
0	
0	
0	
0	
0	
0	
1.1	
0	
0	
0	
0	
0	
0	
0	
0	
0	
0	
0	
0	
0.7	
0	
0	
0	
0	
0	
0	
0	
0	
0	
0	
1.44	
3.66	
9.6	
0	
0	
0	
0	
0	
0	
0.5	
0	
0	
0	
0	
0	
0	
0	
0	
0.4	
0	
0	
0	
0	
0	
0	
0	
0	
5.3	
0	
0	
0	
1.3	
0	
0	
0	
0	
0	
0	
0	
0	
0	
0	
0	
0	
0	
0	
0	
4.5	
2	
0	
0	
0	
0	
0	
0	
12.3	
8.44	
2.26	
0	
7.59	
0.1	
0	
0	
0	
0	
0	
0	
0	
1.8	
0	
2.4	
22.19	
0.1	
0	
0	
0	
0	
0	
0	
0.3	
5.6	
0.5	
0	
0	
7.6	
0	
0	
0.1	
0	
1.7	
0	
0.16	
0.34	
0	
0.38	
3.52	
0	
0	
0	
0	
0	
0.1	
2.8	
0.5	
0	
0	
0	
0	
0	
0	
0	
0	
10.2	
0	
0	
0	
0.1	
0	
10.3	
0.1	
0	
0	
0	
0	
0	
0.3	
2.6	
0	
0	
0	
0	
0	
0	
0	
0	
0	
0	
0	
0	
0.1	
8.7	
2.2	
24.19	
13.39	
0	
0	
0	
0	
0	
0.1	
0	
0	
0	
0	
0.5	
0	
0.1	
0	
0	
0	
0	
0.1	
0	
3	
6.5	
54.47	
0	
0	
0	
0.1	
0	
0	
0	
0	
0	
0	
0	
0	
0.7	
0	
0	
0	
0	
0	
0	
0	
0	
0	
0	
0	
0	
0	
0	
0	
4.4	
13.3	
0	
0	
0	
0	
0	
0	
0	
0	
0	
2.36	
0.94	
0	
0	
0	
0	
3.8	
0.2	
0	
1.9	
0	
3.6	
4.3	
0	
0	
0	
0.3	
0	
0	
0	
0	
0	
0	
0	
0	
0	
0	
0	
0	
0	
0	
0	
0	
1.6	
0	
0	
0	
0	
0	
0	
0	
0	
0	
0	
0	
0	
0	
0	
0	
0	
0	
0	
0	
0	
0	
6.1	
0	
0	
0	
0	
0	
0	
0	
0	
0	
8.79	
2.7	
2	
4.5	
3.1	
8.1	
0.1	
0	
0	
0.02	
1.35	
3.43	
0	
0	
0	
0	
0	
3.3	
2.3	
0	
0	
0	
0	
0	
0.6	
0	
0	
0	
0	
0	
0	
0	
0	
0	
0	
0	
0	
0	
0	
0	
0	
3.3	
0	
0	
0	
0	
0	
0	
0	
0	
0	
0	
0	
0	
0	
0	
0	
0	
0	
0	
0	
0	
0	
0	
0	
0	
0	
0	
0	
0	
0	
0	
0	
0	
0	
0	
17.39	
0.1	
0	
0	
33.98	
0	
0	
0	
0	
0	
0	
0	
0	
0	
0	
0	
0	
0	
0	
0	
0	
0	
0	
0	
0	
0	
0	
0	
0	
0	
0	
0	
0	
0	
0	
0	
0	
0	
0	
0	
0	
0	
0	
0	
0	
0	
13.4	
0	
0.1	
0	
0	
0	
0	
0	
0	
0	
0.2	
7.8	
0	
0	
0	
0	
0	
0	
13.25	
0.14	
0	
0	
0	
24.39	
0.1	
0	
0	
0	
0	
8.3	
5.5	
0.1	
0	
0	
0	
4.2	
0	
0	
0	
0	
10.5	
0.7	
0	
0	
2.1	
0	
0	
0	
0	
22.29	
0	
5.8	
0	
0	
0	
0	
0	
0	
0	
0	
0	
0	
0	
7.7	
0	
0	
0	
0	
0	
0	
0	
0.1	
0.1	
12.92	
0.07	
0	
0.8	
10.5	
35.39	
2	
0	
2.7	
0.1	
0.1	
0	
0	
0	
0	
0	
0	
0	
0	
0	
0	
0	
0	
0	
0	
0	
0	
0	
0	
0	
0	
0	
0	
1.6	
20.69	
0	
0	
0.5	
0	
0.1	
0	
0	
0	
0	
0	
0	
0	
0	
0	
0	
0	
0	
6.3	
6.3	
0.5	
0	
0	
0.1	
2.9	
0.65	
0.95	
0.1	
0	
0.02	
0.38	
0	
0	
0	
0	
0	
0	
0.1	
0	
3.4	
0	
0	
0	
0	
0	
0	
0	
0	
0	
0	
0	
0	
0.79	
2.61	
0	
0	
0	
0	
0	
0.1	
0	
2.2	
0	
8.3	
0	
0	
0	
0	
0	
0	
0	
0	
0	
0	
0	
0	
0	
7.9	
0	
0.85	
18.34	
0	
0	
0	
0	
0	
0	
0	
1.3	
0.4	
0	
0	
2.2	
0	
0	
0	
0	
0	
0	
0	
0	
0	
0	
0	
11.4	
0	
0	
0	
0.1	
29.68	
0.4	
0	
0.35	
15.84	
0	
0	
17.26	
1.13	
6.8	
1.4	
27.4	
0	
0.9	
0	
0	
1.6	
0	
0	
0	
0	
0	
0	
0	
0	
0	
0	
0	
0.5	
4.3	
0.9	
0	
0	
3	
7.41	
3.58	
1.1	
0.9	
27.48	
0	
0	
0	
0	
0	
0	
0	
0	
0	
0	
0	
1.2	
0	
0	
7.01	
0.58	
0	
0	
0	
0	
0	
0	
0	
1.37	
1.13	
0.9	
0.05	
34.84	
0	
0	
0	
0	
0	
0	
0	
0	
0	
0	
0	
0	
0	
0	
0	
0	
0	
0	
0	
0	
0.2	
0	
0	
0	
0	
0	
0	
0.1	
0	
0	
0	
0	
0	
0.6	
0	
0	
0	
0.2	
0	
0	
0	
0	
0	
0	
0	
0	
0	
0	
0	
0	
0	
2.3	
9.8	
16.19	
0.1	
0	
0	
0	
0	
0	
2.6	
0.3	
21.6	
0	
0	
0	
0	
0	
0	
0	
0	
0	
0	
0	
13.1	
0.1	
30.28	
5.2	
0.9	
0.3	
0	
0	
0	
4.9	
0	
7.4	
15.9	
0	
0	
0	
0	
0	
0.1	
0	
0	
0	
0	
0	
0	
0	
9.49	
0	
0	
0.08	
3.02	
0.1	
0	
16.49	
0	
0	
0	
0	
0	
0	
0	
0.2	
0	
0	
0	
0	
0	
3.5	
53.26	
10.19	
0	
0	
0	
0	
0	
0	
0	
0	
0	
0	
0.3	
0	
0	
1.7	
0	
0	
0	
0	
0	
0	
0	
0	
0	
0	
0	
0.1	
0.1	
2.5	
0	
0	
0	
0	
0	
0	
10.67	
2.13	
0.1	
0	
0	
0	
3.3	
0.3	
0	
3.73	
27.58	
4.88	
0	
0	
0	
0	
0	
0	
0	
0	
0	
0	
0	
0	
3.56	
2.74	
52.97	
0.2	
0.1	
0	
0.7	
0	
0	
0	
0	
0	
0.9	
0	
0	
0	
0.2	
0	
0	
0.2	
0	
0	
0.1	
0	
0	
0	
0	
0	
4.6	
10.59	
0.1	
0.8	
0	
0	
0	
0	
0	
0	
0	
0	
0	
0	
3	
0.19	
1.31	
0	
0	
0	
0	
0	
0	
0	
0	
0	
0	
0	
0	
0	
0	
0	
0	
0	
0	
0	
0	
0	
0	
7.7	
7	
0.6	
0.1	
0.3	
2	
16.2	
24.08	
0.1	
2.4	
0	
0	
17.89	
14.69	
58.48	
0	
0	
0	
0	
0	
0	
0.9	
0	
0	
0	
0	
0	
0	
0	
0	
0.8	
0	
0	
0	
0	
0	
0	
0	
0	
0	
0	
0	
0	
7	
0	
1.4	
0	
0	
0.7	
0	
0	
0	
0	
0	
0	
8.89	
1.9	
0	
0	
0	
0.5	
0	
0	
0	
0	
0.82	
0.68	
0	
0	
0	
0	
0	
0	
0	
0	
0	
0.1	
0	
0.1	
0	
0	
0	
0.9	
12.09	
0	
0	
0	
0	
0	
0	
0	
0	
0.6	
0.2	
0	
2.7	
0	
0.1	
0.2	
0	
5.7	
11.7	
0.4	
0	
0	
0	
0	
0	
0	
0	
0	
0	
0	
0	
0	
0	
0	
0	
0	
0	
0	
0	
0	
0.1	
0	
0	
0	
0	
0	
0	
0	
0	
0	
0	
5.4	
0.1	
0	
0	
0	
0	
0.5	
0	
0	
0	
0	
0	
0.1	
0	
0	
0	
0	
0	
0	
0	
0	
0	
0	
0	
0	
0	
0	
0	
0	
0	
0	
0	
0	
0	
0	
0	
0	
0	
0	
0	
0	
0	
0	
0	
0	
0	
0	
0	
0	
0	
0	
15.5	
0	
0	
0	
0	
0	
0	
0	
0	
0	
0	
0	
0	
0	
0	
1.5	
2.7	
0	
0	
38.4	
0	
46.2	
0.2	
0	
0	
0	
0	
0	
0	
0	
0	
0	
0	
0.2	
0	
0	
15.4	
0	
0	
0	
0	
22.7	
0.4	
0.1	
10.4	
9	
0	
0	
0	
0	
0	
0	
0	
0	
0	
0	
0.1	
24.9	
0	
4.2	
16.53	
29.17	
3.2	
14.5	
0	
0.65	
10.75	
0	
0	
0	
12.6	
2.9	
2	
0	
0	
4.2	
0	
0	
0	
0	
0	
0	
0	
0	
1.2	
0.1	
0	
0	
0	
0	
0.44	
3.21	
0.85	
0	
0	
0	
0	
0.7	
3.8	
2.2	
0	
0.02	
2.58	
0	
0	
0	
6.7	
0	
12.1	
14.3	
0	
0	
0.9	
0.2	
0	
0	
0	
0	
0	
0	
0	
0	
0	
0.5	
0	
0.1	
0	
0	
0	
0	
0	
0	
0	
0.2	
0.2	
0	
0	
0	
0	
0	
0	
0	
0	
0	
0	
0	
0	
0	
0	
0	
0	
0	
0	
0	
0	
0	
0	
0	
0	
0	
0.1	
0.1	
0	
1.5	
0	
0	
0.13	
0.27	
0	
0	
0	
0	
0	
0	
0	
0	
0	
0	
0	
0	
0	
0	
0	
7.3	
9.8	
0	
7.8	
16.4	
2.1	
0	
0	
0	
9.2	
27.1	
0	
0	
0.2	
0.3	
0	
0	
0	
0	
5.2	
0	
0.9	
0	
0	
0	
0	
0.1	
0.3	
0	
0	
0	
0	
0	
0	
0	
0.1	
0	
0	
1.1	
3.9	
11.8	
0.3	
20.6	
13.8	
0.5	
0	
2.8	
0	
0	
0	
0	
0.1	
14.72	
1.98	
0.4	
0.3	
6.8	
0	
13.2	
0	
23.5	
0.1	
0	
0	
0	
0	
6.41	
0.69	
0	
0	
0	
0	
2.58	
16.62	
0	
0.1	
0.3	
0.7	
0.7	
1.3	
0	
0.7	
0	
0	
3.4	
10.5	
1.1	
2.6	
0	
0	
0	
0	
0	
0	
0	
0	
0	
1	
0	
0	
0	
0	
0	
0	
0.4	
0	
0	
0	
0	
0	
0	
0	
0	
0	
0	
0	
0	
0.5	
14.1	
1.5	
1.8	
0	
0	
0	
13.8	
0.3	
0	
0	
0	
0	
0	
0	
0	
0	
0	
0	
0	
0	
0	
0	
0.6	
0.7	
0	
0	
0	
0	
13.4	
0.1	
0	
0	
0	
0	
0	
0	
0	
0	
0	
0	
0	
0	
0	
0	
0	
0	
0	
0	
0	
0	
0	
0	
0.8	
0	
0	
0	
0	
0	
0	
0	
0	
0	
0	
0	
0	
0	
0	
0	
0	
0	
0	
0	
0.1	
0	
0	
0	
0	
9.6	
0	
0	
0	
14.2	
28.8	
0	
0	
0.02	
2.58	
0	
0	
0	
4.1	
1.8	
0	
9.6	
1.1	
0.1	
0	
0	
0	
0	
0	
0	
0	
0.1	
0	
0	
0	
0	
0	
0	
0	
0	
0	
0	
0	
0	
0	
0	
0	
0	
0	
4.9	
0	
0	
0	
0	
0	
0	
0	
0	
0	
0	
0	
0	
1.5	
9.2	
3.2	
0.3	
0.1	
2.3	
5.76	
8.44	
0.1	
0	
0	
1.7	
0.1	
0	
0	
0	
0	
0	
0	
0	
0	
0	
0	
0	
0	
0	
0	
0	
0	
0	
0	
0	
0	
0	
0	
3.4	
0	
11.9	
0	
0.08	
6.9	
4.21	
0	
2.7	
11.8	
2.7	
0	
0	
0	
0	
0	
0	
0.1	
0	
0	
0	
0	
0	
0	
0	
0	
10.3	
1	
0	
0.1	
0	
0	
0	
0	
0	
0	
0	
0	
0	
0	
0	
0.1	
0	
0	
0	
0	
0	
0	
0	
0	
0	
0	
0	
0	
0	
0	
0	
0	
0	
0	
0	
0	
0	
0	
0	
0	
0	
0	
0.85	
6.75	
8	
9.5	
6.8	
0	
0	
0	
0	
0	
0	
0	
0	
0	
0	
2.4	
0.1	
0	
0	
0	
0	
0	
0.4	
2.1	
0	
0	
0	
0	
0	
0	
0	
0	
0	
0	
7.1	
0.1	
0	
0	
0	
0	
0	
0	
0	
0	
0	
0.2	
0.2	
0.7	
0	
0	
0	
0	
7.3	
0.1	
0	
0	
0	
0	
0	
0	
0	
0	
2.8	
0	
0	
0	
0	
0	
0	
1.3	
0	
0	
0	
0	
0	
0.1	
0	
0	
1.4	
0	
0	
0	
0	
0	
0	
0	
1.6	
0.9	
0	
2.4	
0	
0	
0	
0.2	
0	
0	
0	
1.3	
0.5	
0	
8	
37.8	
0	
0	
0	
0	
1.9	
0	
0	
0	
0	
0	
0	
0	
0	
0	
0	
0	
0	
0	
0	
0	
0	
0	
0	
0	
0.3	
0	
0.8	
29.1	
0	
0	
0	
0	
0	
1.1	
0	
0	
0	
0	
0	
0	
0	
0.8	
0	
0	
0	
0	
0	
0	
0	
0	
0	
0.1	
0.9	
7.7	
0	
0	
0	
0	
0	
0	
0	
0	
0	
0	
0	
0	
0	
0	
0	
0	
0	
0	
0	
0	
0	
7.5	
31.9	
0	
0	
0	
0	
0	
0	
3.2	
0.1	
2.5	
0	
0	
0	
0	
0	
0.1	
2.6	
0	
2.6	
0.1	
0	
0	
0	
0	
0	
6.4	
0.2	
0	
0.1	
0	
0	
0	
0	
0	
0	
31.4	
37.58	
41.62	
0.1	
0	
0	
0	
22.4	
0	
0	
0	
18.8	
0	
0	
0	
0	
0	
0	
0	
32.72	
0.28	
0	
0	
14.7	
0	
0	
0	
0	
0	
0	
0.7	
0.1	
0	
0	
1.9	
1.6	
47.5	
39.4	
19.37	
10.73	
0.1	
0	
8.5	
0	
0	
0	
0	
0	
0	
0	
0	
0.1	
0	
0	
0	
0	
0	
0	
0	
0	
0	
0	
0	
0	
21	
0.8	
0.1	
0.8	
26.4	
15.4	
1.5	
11.3	
0	
0.3	
0	
0	
0	
0	
0	
0	
0	
0	
0	
0	
0	
0	
0	
6	
0	
0	
0	
0	
0	
0	
0	
0	
0	
0	
0	
0	
0	
0	
0	
0	
0	
0	
0	
0	
0	
0	
0	
0	
0	
0	
0	
0	
0	
0	
0	
0	
0	
3.1	
2.3	
16.7	
7	
3.6	
8	
0	
0	
0	
0	
0.3	
0.2	
0	
0	
0	
0	
0.2	
0	
0	
0	
0	
4	
16.1	
30.2	
21	
9	
0	
0	
0	
0	
0	
0	
0	
0	
0	
0	
0.3	
0	
0	
0	
0	
0	
0	
0	
0	
0.8	
0	
0.2	
0.1	
0	
0	
0	
5	
0	
0	
0	
0	
0.1	
0	
9.9	
0	
0	
0	
0	
0	
0	
0	
0	
0	
0	
0	
0	
1.2	
0.1	
0.5	
0.6	
0	
0	
0	
0	
0	
0	
0	
0	
0	
0	
0	
0	
0	
0	
0	
0	
0	
0	
0	
0	
0	
0	
0	
0	
0.5	
0	
7.8	
0	
0	
0	
0	
0	
0	
0	
0	
0	
0.4	
0.2	
0	
0	
0	
0	
0	
0	
0	
0	
0	
0	
0	
0	
0	
0.8	
0.1	
0	
0	
0	
0	
0	
0	
0	
0	
0	
0.1	
0	
0	
0	
0	
0	
0	
0	
6.7	
0	
0.1	
0	
0	
0.1	
0	
0	
0	
0	
0	
0	
0	
0	
0	
1.1	
0.3	
0	
0	
0	
0	
0.1	
0	
0	
0	
0	
0	
0	
0	
0	
0	
0	
0	
0	
0	
6.6	
0	
1	
0	
0	
0	
0	
0	
0.1	
0.2	
0	
0	
0.4	
0	
0	
0	
0	
0	
0	
0	
0	
0	
0	
0	
0	
0	
0	
0	
0	
0.7	
0	
15.2	
0	
0	
3.3	
0	
0	
0	
7.35	
0.15	
0	
21.2	
0	
0	
0	
0	
0	
0	
0	
0.2	
0.3	
0.1	
0	
0	
0	
0	
0	
0	
0	
0	
0	
0	
0	
0	
0	
10.4	
0	
0	
0	
16.6	
94.8	
22.5	
9.9	
0.1	
0	
0	
0	
0	
0	
0	
8.5	
1.3	
0	
0	
0	
0	
0	
0	
0	
0	
0	
0	
0	
0	
0	
0	
0.1	
0	
17.1	
7.3	
0.2	
0	
0	
0	
0	
11.6	
1.9	
0	
0	
0	
0.4	
0	
0	
0	
0	
0	
0	
0	
0	
0	
0	
0	
0	
0	
0	
0	
0	
0	
0	
0	
0	
0	
0	
0	
0.1	
0.9	
0	
0	
0	
0	
0	
0	
0	
0	
0	
0	
0	
0	
0	
0	
0.4	
0.1	
0	
0	
14.5	
0.1	
0.8	
0	
0	
0	
0	
0	
0	
8.9	
0.2	
0.1	
0	
0	
0	
0	
5.03	
0.18	
0	
0	
0	
0	
0.1	
0.1	
0	
0	
0	
0	
0	
0	
0	
0	
0	
0	
0	
0	
0	
0	
0	
0	
0	
0	
0	
0	
0	
0	
0	
1.3	
0	
0	
0	
0	
0	
0	
0	
0	
1.01	
0.49	
0	
0	
0	
0.6	
0.1	
0	
7	
0	
0	
0	
0.2	
0	
0	
0	
0	
18.8	
0.3	
0	
0	
2	
0.1	
0	
0	
0	
0	
0	
0	
0	
0	
0	
0	
0	
0	
9.8	
0	
0	
0	
0	
0	
0	
0	
0	
0	
0	
0	
0.6	
0	
0	
0	
0	
0	
0	
0	
0.7	
1.9	
0.2	
0	
2.8	
0.9	
36.8	
26.3	
3.2	
5.4	
0.3	
0	
0	
0.2	
2.5	
0	
1.5	
4.3	
2.8	
0	
0	
0	
0	
0	
0	
0	
0	
0	
0	
0	
0	
0	
0	
0	
0	
23.3	
0	
1.8	
0.1	
1.1	
0	
0	
0	
0	
0	
0	
0	
0	
6.4	
0	
0	
0	
0	
0.1	
0	
4.9	
0	
0	
0	
0	
0.7	
0.1	
0	
0	
0	
0	
0	
0	
0	
0	
0	
0	
0	
0	
0	
0	
0	
0	
0	
0	
0	
0	
0	
0	
0	
0	
0	
0	
0	
0	
0	
0	
0	
0	
0	
0	
0	
0	
0	
0	
0	
0	
0	
0	
0	
0	
0	
0	
0	
0	
0	
0	
0	
0	
0	
0	
0	
0	
0	
0	
0	
0	
0	
0	
0	
0	
0	
0	
0	
0	
0	
0	
0	
0	
0	
0	
0	
0	
73.9	
0.2	
0	
0	
3.1	
0	
0.5	
19.6	
0	
1.6	
5.1	
0	
0	
0	
0	
0	
0	
0	
0.17	
0.23	
0	
0	
0	
0	
0	
0	
0	
0	
0	
0	
0	
0	
0	
0	
0	
0	
0	
0.2	
0.1	
0	
0	
5.5	
0	
0	
0.2	
0.1	
0	
0	
1.4	
0	
0	
0	
0.2	
10.7	
2.3	
0	
0	
27.8	
0	
32.9	
0.2	
0	
0	
0	
0	
0.3	
56	
0	
0	
0	
0	
0	
0	
0	
0.4	
5.7	
11.7	
0	
0	
0	
0	
0	
0	
0	
0	
0	
0	
0	
0	
0	
0	
0	
0	
0	
0	
0	
0	
0	
0	
0	
0.5	
0.2	
0	
0	
0	
0	
0	
0	
0	
0	
0	
0	
0	
0	
0	
0	
0	
0	
0	
0	
0	
0	
0	
0	
0	
0.4	
0	
0.5	
0	
0	
0.7	
2.1	
1.6	
0	
0	
0	
0	
0	
0	
0	
0	
0.1	
0	
4.2	
13.6	
0.1	
0	
0	
0	
0	
0	
0.3	
1.1	
0	
0	
0	
0	
0	
0	
0	
0	
0	
0	
0	
0	
0	
0	
0	
0	
0	
0	
0	
0.1	
0	
0	
5.7	
1.3	
0	
0	
0	
0	
0	
0	
0	
0	
0	
1.4	
0	
0	
0.04	
5.78	
1.78	
0.8	
0	
0	
0	
1.7	
1	
0	
0	
0.1	
0	
0	
0	
0	
0	
0	
0	
0	
0	
0.5	
0	
0	
0	
0	
0	
0	
0	
0	
0	
1.2	
0	
0	
2.11	
0.19	
0	
0	
0	
0	
0	
0	
3.5	
6.5	
0	
0	
0	
0	
0	
0	
0	
0	
1.3	
0	
3.71	
0.79	
0	
0	
0	
0	
21	
1.9	
0	
0.1	
0	
0	
1.6	
0	
0	
0	
0	
0.6	
0	
0	
0	
0	
0	
0	
0	
0	
0	
0	
20	
39.1	
2.9	
0	
0	
0.1	
1.1	
0.4	
0.9	
0	
3.2	
0	
0	
4	
0	
14.04	
15.56	
2.08	
5.83	
0	
0	
0	
0	
10.6	
0	
2.5	
0	
35.4	
0.9	
7.35	
0.95	
0	
6.7	
0	
0	
0	
0	
0	
0.1	
5.6	
0	
0	
0	
0	
0	
0	
0	
0	
0	
5.8	
0	
0	
0	
0	
0	
0	
0	
0	
0	
0	
0	
0	
0	
0	
24.8	
0	
0.1	
0	
0	
0	
0.1	
0	
0	
0	
0	
0	
0	
0	
0	
0	
0	
0	
0	
0	
0	
0	
0	
0	
0	
0	
0	
0	
0	
0	
0	
0	
0	
9.2	
0	
0	
0	
0	
0	
0	
0	
10.9	
0	
0	
0	
0	
0	
0	
0	
0	
0	
0	
0	
0	
0	
0	
0	
0	
0	
0	
0	
1.1	
0.1	
0.8	
0	
0	
0	
0	
0	
18.8	
0	
0	
5	
2.2	
1.8	
0	
3.6	
0	
0	
0	
0	
0	
0	
5.9	
0	
0	
0	
0.2	
0.7	
0	
0	
0	
0.3	
0	
0	
0	
24.6	
0.1	
4.1	
0	
0	
0	
0.6	
2.7	
0	
0	
0	
0	
26.05	
20.95	
0.1	
9.3	
13.5	
27.6	
0	
0	
0	
0	
0	
0	
0	
0	
0	
6.4	
0.1	
0	
0	
0	
0	
0	
0	
0	
0	
0	
0	
0	
0	
0	
0.8	
6	
2.3	
0	
0	
0	
0	
0	
0	
0	
0	
0.2	
8.3	
13.6	
0	
0	
5.9	
0.4	
1.6	
3.2	
0	
0	
0	
0	
0	
0	
0.2	
0.1	
0	
39	
30	
4.6	
1.5	
0.7	
0.2	
0	
0.2	
0	
0	
0.1	
18.95	
1.75	
0.2	
4.6	
10.4	
0	
0	
0	
0	
0	
0	
0	
0	
0.2	
0.2	
0	
0.1	
0	
0	
0	
0	
0	
0	
0	
0	
32.2	
13.1	
6	
13.3	
0.1	
0.3	
1.2	
0	
0	
0	
0	
0	
0	
0	
0	
0	
0	
0	
0	
0	
0	
0	
0	
0	
0	
0	
0	
0	
0	
0.7	
1.84	
3.96	
1.3	
0	
0	
0	
0	
0	
0	
0	
0	
0	
0	
0	
0	
0	
0	
0	
0	
0	
0	
0	
0	
0	
0	
0	
13.07	
5.42	
0.8	
25.07	
5.72	
9.4	
0.1	
0	
0	
0	
18.7	
0.6	
0	
12.3	
8.8	
4.9	
0.6	
0	
0.4	
0.3	
0.3	
0	
0	
0	
0.3	
0	
0	
0	
0	
10.4	
0.1	
0	
0	
8.3	
8.5	
0	
0	
0	
0	
0	
0	
0	
0	
0.1	
0	
0	
0	
3.2	
0	
0	
0	
0	
0	
0	
0	
0	
0	
0	
0	
0	
0	
0	
0	
0	
3	
0	
0	
0	
0	
1.9	
0.2	
0	
0	
0	
0	
0	
0	
0	
0	
0	
0	
0	
0	
0	
0.1	
0	
0	
0	
0	
0.9	
0	
0	
0	
0	
0	
0	
0	
0	
0	
0	
0	
0	
0	
11.3	
0	
0	
0	
0	
0	
0	
0	
0	
0	
0	
0	
0	
2.2	
0	
0	
0	
0	
0	
0	
0	
0	
0	
0	
0.8	
0	
0	
0	
0	
0	
0	
20.8	
0	
0	
0	
0	
0	
0	
0	
0	
0	
0	
0	
0	
0	
0	
0	
0	
0	
0	
0	
0	
0	
0	
0.2	
0	
0	
0	
0	
0	
0	
0	
0	
0	
0	
0	
1.6	
4.7	
0.2	
0	
16.9	
0.3	
0.2	
5.6	
0.4	
0	
0	
0	
0	
0	
0	
0	
0	
0.1	
2.8	
0	
0	
0	
0	
0	
0	
0	
0	
0.6	
0	
0	
0	
0	
0	
0	
0	
0	
0	
13.8	
18.7	
47.8	
0.1	
0	
0.1	
0	
0	
0	
0	
0	
0	
0	
0.4	
0	
0	
0.1	
0	
0.4	
0	
0	
0	
0	
0	
0	
0	
0	
0	
0	
0	
0	
0	
0	
0.1	
0	
0	
0	
0.18	
0.32	
0	
8.8	
0.1	
0	
0	
0	
0	
0	
0	
0	
0	
0	
0	
0	
0	
0	
0.29	
3.01	
0	
0	
0	
0	
0	
10.2	
8.8	
3.5	
6.9	
1.6	
2.5	
0	
0.1	
0.3	
0	
0.4	
0	
0.5	
0.3	
5.3	
7	
0	
4.8	
1.8	
0	
0	
0	
3.8	
0.1	
4.2	
0	
0.5	
1.24	
1.94	
1.82	
0	
0.1	
0	
0	
0.5	
4.6	
0	
0.5	
0	
0	
0	
0.1	
0	
0	
0	
6.2	
0	
0	
0	
18.5	
16.7	
0	
0	
0	
0	
0	
4.3	
3.9	
0.1	
7.4	
19.6	
0	
2.6	
0	
0	
0	
0	
0	
0.2	
0	
0	
0.6	
10.8	
0	
5.3	
0	
8.2	
30.6	
0	
0	
0	
0.1	
0	
0	
0	
0	
0	
0	
0	
0	
4.7	
14.2	
0	
0	
0.3	
0	
0	
0	
0	
1.2	
0	
0	
0	
0	
10.6	
0	
0	
0	
0	
0	
0	
0	
2.9	
0.1	
0	
0	
0.1	
0	
0.2	
0.3	
0	
0	
0	
1	
0	
0	
0	
0	
0	
0	
0	
4.5	
17	
52.3	
14	
0.4	
0	
3	
4.5	
1.1	
0	
0.1	
7.2	
7.8	
5.8	
0.5	
0	
0	
0	
0	
0	
0	
0	
0	
0	
0	
0	
0	
0.6	
0	
0	
0	
0	
0	
0	
0	
0	
5.3	
0	
0	
6.9	
7.1	
9.4	
0	
0	
2.3	
1.6	
0.3	
0	
0	
0	
0	
0	
0	
0	
0	
0	
0	
0	
0	
0	
0	
0	
0	
0	
0.6	
0	
0	
0	
0	
0	
0	
0	
0	
0	
0	
0	
0	
0	
0	
0	
0	
0	
0	
0	
0	
0	
0	
0	
0	
44.8	
1.3	
0	
0	
0.7	
0	
0	
0.3	
1	
0	
0	
0	
0	
0	
4.6	
0	
3.2	
0	
0	
0	
0	
10.3	
0	
0	
0	
0	
0	
0	
0	
0	
0	
0	
0	
0	
0	
0	
0	
0	
0	
0	
5.6	
0	
0.1	
0	
0	
0	
0	
0	
0	
0	
40.3	
0.7	
0	
2.5	
5.3	
0	
0	
0	
0	
0	
0	
0	
0	
0	
0	
0	
0	
0.1	
0	
0	
0	
0	
0	
36.6	
13.7	
8	
9.2	
0	
0	
0	
0	
0	
0	
0	
0	
0	
0	
0	
0	
0	
0	
0	
0	
0	
8.2	
0	
0	
0	
0	
0	
0	
0	
0.4	
0	
0	
0	
0	
0	
0	
0	
0	
0.1	
0	
0	
2.2	
0	
0	
0	
0	
0	
0	
1	
0	
0.4	
12.7	
0	
0	
0	
0	
0	
0.4	
0	
1.2	
0.2	
0	
0.1	
0	
0	
0.2	
0	
0	
0	
0	
0	
0	
8.1	
9.4	
11	
0	
0	
0	
0	
0	
0	
1.7	
5.1	
0.2	
1.6	
0	
0	
0.5	
0	
0	
0	
0	
0	
0	
0	
0	
0	
0	
0	
0	
0	
0	
0	
0	
0	
0	
0	
0	
0	
1.1	
28.2	
1.3	
0	
0.6	
0	
0	
0	
0	
0	
0	
0	
0	
0	
0	
0	
0	
0	
0	
0.5	
0	
11.7	
0.1	
0.8	
0.1	
0	
0	
0	
0	
0	
0	
0	
0	
0	
0.2	
10.8	
1.5	
0	
0	
0	
0	
0	
0	
0	
68.8	
0.3	
6.8	
56.9	
2.8	
0	
0	
0	
0	
0.2	
0.1	
0	
0	
0	
0	
3.9	
0	
2	
0.1	
0	
0	
0	
0	
0	
0	
0	
0	
0	
0	
0	
0	
0	
0	
0	
0	
0	
0	
0	
0	
0	
0	
0.7	
1	
4.9	
0	
0.8	
0	
20.2	
0	
0	
0	
0.2	
13.2	
0.1	
0	
0	
19.7	
0	
0	
0	
0	
0	
0	
12.1	
1.6	
-99	
-99	
-99	
-99	
-99	
-99	
-99	
-99	
-99	
-99	
-99	
-99	
-99	
-99	
-99	
-99	
-99	
-99	
-99	
-99	
-99	
-99	
-99	
-99	
-99	
-99	
-99	
-99	
-99	
-99	
-99	
-99	
-99	
-99	
-99	
-99	
-99	
-99	
-99	
-99	
-99	
-99	
-99	
-99	
-99	
-99	
-99	
-99	
-99	
-99	
-99	
-99	
-99	
-99	
-99	
-99	
-99	
-99	
-99	
-99	
-99	
-99	
-99	
-99	
-99	
-99	
-99	
-99	
-99	
-99	
-99	
-99	
-99	
-99	
-99	
-99	
-99	
-99	
-99	
-99	
-99	
-99	
-99	
-99	
-99	
-99	
-99	
-99	
-99	
-99	
-99	
-99	
-99	
-99	
-99	
-99	
-99	
-99	
-99	
-99	
-99	
-99	
-99	
-99	
-99	
-99	
-99	
-99	
-99	
-99	
-99	
-99	
-99	
-99	
-99	
-99	
-99	
-99	
-99	
-99	
-99	
-99	
-99	
-99	
-99	
-99	
-99	
-99	
-99	
-99	
-99	
-99	
-99	
-99	
-99	
-99	
-99	
-99	
-99	
-99	
-99	
-99	
-99	
-99	
-99	
-99	
-99	
-99	
-99	
-99	
-99	
-99	
-99	
-99	
-99	
-99	
-99	
-99	
-99	
-99	
-99	
-99	
-99	
-99	
-99	
-99	
-99	
-99	
-99	
-99	
-99	
-99	
-99	
-99	
-99	
-99	
-99	
-99	
-99	
-99	
-99	
-99	
-99	
-99	
-99	
-99	
-99	
-99	
-99	
-99	
-99	
-99	
-99	
-99	
-99	
-99	
-99	
-99	
-99	
-99	
-99	
-99	
-99	
-99	
-99	
-99	
-99	
-99	
-99	
-99	
-99	
-99	
-99	
-99	
-99	
-99	
-99	
-99	
-99	
-99	
-99	
-99	
-99	
-99	
-99	
-99	
-99	
-99	
-99	
-99	
-99	
-99	
-99	
-99	
-99	
-99	
-99	
-99	
-99	
-99	
-99	
-99	
-99	
-99	
-99	
-99	
-99	
-99	
-99	
-99	
-99	
-99	
-99	
-99	
-99	
-99	
-99	
-99	
-99	
-99	
-99	
-99	
-99	
-99	
-99	
-99	
-99	
-99	
-99	
-99	
-99	
-99	
-99	
-99	
-99	
-99	
-99	
-99	
-99	
-99	
-99	
-99	
-99	
-99	
-99	
-99	
-99	
-99	
-99	
-99	
-99	
-99	
-99	
-99	
-99	
-99	
-99	
-99	
-99	
-99	
-99	
-99	
-99	
-99	
-99	
-99	
-99	
-99	
-99	
-99	
-99	
-99	
-99	
-99	
-99	
-99	
-99	
-99	
-99	
-99	
-99	
-99	
-99	
-99	
-99	
-99	
-99	
-99	
-99	
-99	
-99	
-99	
-99	
-99	
-99	
-99	
-99	
-99	
-99	
-99	
-99	
-99	
-99	
-99	
-99	
-99	
-99	
-99	
-99	
-99	
-99	
-99	
-99	
-99	
-99	
-99	
-99	
-99	
-99	
-99	
-99	
-99	
-99	
-99	
-99	
-99	
-99	
-99	
-99	
-99	
-99	
-99	
-99	
-99	
-99	
-99	
-99	
-99	
-99	
-99	
-99	
-99	
-99	
-99	
-99	
-99	
-99	
-99	
-99	
-99	
-99	
-99	
-99	
-99	
-99	
-99	
-99	
-99	
-99	
-99	
-99	
-99	
-99	
-99	
-99	
-99	
-99	
-99	
-99	
-99	
-99	
-99	
-99	
-99	
-99	
-99	
-99	
-99	
-99	
-99	
-99	
-99	
-99	
-99	
-99	
-99	
-99	
-99	
-99	
-99	
-99	
-99	
-99	
-99	
-99	
-99	
-99	
-99	
-99	
-99	
-99	
-99	
-99	
-99	
-99	
-99	
-99	
-99	
-99	
-99	
-99	
-99	
-99	
-99	
-99	
-99	
-99	
-99	
-99	
-99	
-99	
-99	
-99	
-99	
-99	
-99	
-99	
-99	
-99	
-99	
-99	
-99	
-99	
-99	
-99	
-99	
-99	
-99	
-99	
-99	
-99	
-99	
-99	
-99	
-99	
-99	
-99	
-99	
-99	
-99	
-99	
-99	
-99	
-99	
-99	
-99	
-99	
-99	
-99	
-99	
-99	
-99	
-99	
-99	
-99	
-99	
-99	
-99	
-99	
-99	
-99	
-99	
-99	
-99	
-99	
-99	
-99	
-99	
-99	
-99	
-99	
-99	
-99	
-99	
-99	
-99	
-99	
-99	
-99	
-99	
-99	
-99	
-99	
-99	
-99	
-99	
-99	
-99	
-99	
-99	
-99	
-99	
-99	
-99	
-99	
-99	
-99	
-99	
-99	
-99	
-99	
-99	
-99	
-99	
-99	
-99	
-99	
-99	
-99	
-99	
-99	
-99	
-99	
-99	
-99	
-99	
-99	
-99	
-99	
-99	
-99	
-99	
-99	
-99	
-99	
-99	
-99	
-99	
-99	
-99	
-99	
-99	
-99	
-99	
-99	
-99	
-99	
-99	
-99	
-99	
-99	
-99	
-99	
-99	
-99	
-99	
-99	
-99	
-99	
-99	
-99	
-99	
-99	
-99	
-99	
-99	
-99	
-99	
-99	
-99	
-99	
-99	
-99	
-99	
-99	
-99	
-99	
-99	
-99	
-99	
-99	
-99	
-99	
-99	
-99	
-99	
-99	
-99	
-99	
-99	
-99	
-99	
-99	
-99	
-99	
-99	
-99	
-99	
-99	
-99	
-99	
-99	
-99	
-99	
-99	
-99	
-99	
-99	
-99	
-99	
-99	
-99	
-99	
-99	
-99	
-99	
-99	
-99	
-99	
-99	
-99	
-99	
-99	
-99	
-99	
-99	
-99	
-99	
-99	
-99	
-99	
-99	
-99	
-99	
-99	
-99	
-99	
-99	
-99	
-99	
-99	
-99	
-99	
-99	
-99	
-99	
-99	
-99	
-99	
-99	
-99	
-99	
-99	
-99	
-99	
-99	
-99	
-99	
-99	
-99	
-99	
-99	
-99	
-99	
-99	
-99	
-99	
-99	
-99	
-99	
-99	
-99	
-99	
-99	
-99	
-99	
-99	
-99	
-99	
-99	
-99	
-99	
-99	
-99	
-99	
-99	
-99	
-99	
-99	
-99	
-99	
-99	
-99	
-99	
-99	
-99	
-99	
-99	
-99	
-99	
-99	
-99	
-99	
-99	
-99	
-99	
-99	
-99	
-99	
-99	
-99	
-99	
-99	
-99	
-99	
-99	
-99	
-99	
-99	
-99	
-99	
-99	
-99	
-99	
-99	
-99	
-99	
-99	
-99	
-99	
-99	
-99	
-99	
-99	
-99	
-99	
-99	
-99	
-99	
-99	
-99	
-99	
-99	
-99	
-99	
-99	
-99	
-99	
-99	
-99	
-99	
-99	
-99	
-99	
-99	
-99	
-99	
-99	
-99	
-99	
-99	
-99	
-99	
-99	
-99	
-99	
-99	
-99	
-99	
-99	
-99	
-99	
-99	
-99	
-99	
-99	
-99	
-99	
-99	
-99	
-99	
-99	
-99	
-99	
-99	
-99	
-99	
-99	
-99	
-99	
-99	
-99	
-99	
-99	
-99	
-99	
-99	
-99	
-99	
-99	
-99	
-99	
-99	
-99	
-99	
-99	
-99	
-99	
-99	
-99	
-99	
-99	
-99	
-99	
-99	
-99	
-99	
-99	
-99	
-99	
-99	
-99	
-99	
-99	
-99	
-99	
-99	
-99	
-99	
-99	
-99	
-99	
-99	
-99	
-99	
-99	
-99	
-99	
-99	
-99	
-99	
-99	
-99	
-99	
-99	
-99	
-99	
-99	
-99	
-99	
-99	
-99	
-99	
-99	
-99	
-99	
-99	
-99	
-99	
-99	
-99	
-99	
-99	
-99	
-99	
-99	
-99	
-99	
-99	
-99	
-99	
-99	
-99	
-99	
-99	
-99	
-99	
-99	
-99	
-99	
-99	
-99	
-99	
-99	
-99	
-99	
-99	
-99	
-99	
-99	
-99	
-99	
-99	
-99	
-99	
-99	
-99	
-99	
-99	
-99	
-99	
-99	
-99	
-99	
-99	
-99	
-99	
-99	
-99	
-99	
-99	
-99	
-99	
-99	
-99	
-99	
-99	
-99	
-99	
-99	
-99	
-99	
-99	
-99	
-99	
-99	
-99	
-99	
-99	
-99	
-99	
-99	
-99	
-99	
-99	
-99	
-99	
-99	
-99	
-99	
-99	
-99	
-99	
-99	
-99	
-99	
-99	
-99	
-99	
-99	
-99	
-99	
-99	
-99	
-99	
-99	
-99	
-99	
-99	
-99	
-99	
-99	
-99	
-99	
-99	
-99	
-99	
-99	
-99	
-99	
-99	
-99	
-99	
-99	
-99	
-99	
-99	
-99	
-99	
-99	
-99	
-99	
-99	
-99	
-99	
-99	
-99	
-99	
-99	
-99	
-99	
-99	
-99	
-99	
-99	
-99	
-99	
-99	
-99	
-99	
-99	
-99	
-99	
-99	
-99	
-99	
-99	
-99	
-99	
-99	
-99	
-99	
-99	
-99	
-99	
-99	
-99	
-99	
-99	
-99	
-99	
-99	
-99	
-99	
-99	
-99	
-99	
-99	
-99	
-99	
-99	
-99	
-99	
-99	
-99	
-99	
-99	
-99	
-99	
-99	
-99	
-99	
-99	
-99	
-99	
-99	
-99	
-99	
-99	
-99	
-99	
-99	
-99	
-99	
-99	
-99	
-99	
-99	
-99	
-99	
-99	
-99	
-99	
-99	
-99	
-99	
-99	
-99	
-99	
-99	
-99	
-99	
-99	
-99	
-99	
-99	
-99	
-99	
-99	
-99	
-99	
-99	
-99	
-99	
-99	
-99	
-99	
-99	
-99	
-99	
-99	
-99	
-99	
-99	
-99	
-99	
-99	
-99	
-99	
-99	
-99	
-99	
-99	
-99	
-99	
-99	
-99	
-99	
-99	
-99	
-99	
-99	
-99	
-99	
-99	
-99	
-99	
-99	
-99	
-99	
-99	
-99	
-99	
-99	
-99	
-99	
-99	
-99	
-99	
-99	
-99	
-99	
-99	
-99	
-99	
-99	
-99	
-99	
-99	
-99	
-99	
-99	
-99	
-99	
-99	
-99	
-99	
-99	
-99	
-99	
-99	
-99	
-99	
-99	
-99	
-99	
-99	
-99	
-99	
-99	
-99	
-99	
-99	
-99	
-99	
-99	
-99	
-99	
-99	
-99	
-99	
-99	
-99	
-99	
-99	
-99	
-99	
-99	
-99	
-99	
-99	
-99	
-99	
-99	
-99	
-99	
-99	
-99	
-99	
-99	
-99	
-99	
-99	
-99	
-99	
-99	
-99	
-99	
-99	
-99	
-99	
-99	
-99	
-99	
-99	
-99	
-99	
-99	
-99	
-99	
-99	
-99	
-99	
-99	
-99	
-99	
-99	
-99	
-99	
-99	
-99	
-99	
-99	
-99	
-99	
-99	
-99	
-99	
-99	
-99	
-99	
-99	
-99	
-99	
-99	
-99	
-99	
-99	
-99	
-99	
-99	
-99	
-99	
-99	
-99	
-99	
-99	
-99	
-99	
-99	
-99	
-99	
-99	
-99	
-99	
-99	
-99	
-99	
-99	
-99	
-99	
-99	
-99	
-99	
-99	
-99	
-99	
-99	
-99	
-99	
-99	
-99	
-99	
-99	
-99	
-99	
-99	
-99	
-99	
-99	
-99	
-99	
-99	
-99	
-99	
-99	
-99	
-99	
-99	
-99	
-99	
-99	
-99	
-99	
-99	
-99	
-99	
-99	
-99	
-99	
-99	
-99	
-99	
-99	
-99	
-99	
-99	
-99	
-99	
-99	
-99	
-99	
-99	
-99	
-99	
-99	
-99	
-99	
-99	
-99	
-99	
-99	
-99	
-99	
-99	
-99	
-99	
-99	
-99	
-99	
-99	
-99	
-99	
-99	
-99	
-99	
-99	
-99	
-99	
-99	
-99	
-99	
-99	
-99	
-99	
-99	
-99	
-99	
-99	
-99	
-99	
-99	
-99	
-99	
-99	
-99	
-99	
-99	
-99	
-99	
-99	
-99	
-99	
-99	
-99	
-99	
-99	
-99	
-99	
-99	
-99	
-99	
-99	
-99	
-99	
-99	
-99	
-99	
-99	
-99	
-99	
-99	
-99	
-99	
-99	
-99	
-99	
-99	
-99	
-99	
-99	
-99	
-99	
-99	
-99	
-99	
-99	
-99	
-99	
-99	
-99	
-99	
-99	
-99	
-99	
-99	
-99	
-99	
-99	
-99	
-99	
-99	
-99	
-99	
-99	
-99	
-99	
-99	
-99	
-99	
-99	
-99	
-99	
-99	
-99	
-99	
-99	
-99	
-99	
-99	
-99	
-99	
-99	
-99	
-99	
-99	
-99	
-99	
-99	
-99	
-99	
-99	
-99	
-99	
-99	
-99	
-99	
-99	
-99	
-99	
-99	
-99	
-99	
-99	
-99	
-99	
-99	
-99	
-99	
-99	
-99	
-99	
-99	
-99	
-99	
-99	
-99	
-99	
-99	
-99	
-99	
-99	
-99	
-99	
-99	
-99	
-99	
-99	
-99	
-99	
-99	
-99	
-99	
-99	
-99	
-99	
-99	
-99	
-99	
-99	
-99	
-99	
-99	
-99	
-99	
-99	
-99	
-99	
-99	
-99	
-99	
-99	
-99	
-99	
-99	
-99	
-99	
-99	
-99	
-99	
-99	
-99	
-99	
-99	
-99	
-99	
-99	
-99	
-99	
-99	
-99	
-99	
-99	
-99	
-99	
-99	
-99	
-99	
-99	
-99	
-99	
-99	
-99	
-99	
-99	
-99	
-99	
-99	
-99	
-99	
-99	
-99	
-99	
-99	
-99	
-99	
-99	
-99	
-99	
-99	
-99	
-99	
-99	
-99	
-99	
-99	
-99	
-99	
-99	
-99	
-99	
-99	
-99	
-99	
-99	
-99	
-99	
-99	
-99	
-99	
-99	
-99	
-99	
-99	
-99	
-99	
-99	
-99	
-99	
-99	
-99	
-99	
-99	
-99	
-99	
-99	
-99	
-99	
-99	
-99	
-99	
-99	
-99	
-99	
-99	
-99	
-99	
-99	
-99	
-99	
-99	
-99	
-99	
-99	
-99	
-99	
-99	
-99	
-99	
-99	
-99	
-99	
-99	
-99	
-99	
-99	
-99	
-99	
-99	
-99	
-99	
-99	
-99	
-99	
-99	
-99	
-99	
-99	
-99	
-99	
-99	
-99	
-99	
-99	
-99	
-99	
-99	
-99	
-99	
-99	
-99	
-99	
-99	
-99	
-99	
-99	
-99	
-99	
-99	
-99	
-99	
-99	
-99	
-99	
-99	
-99	
-99	
-99	
-99	
-99	
-99	
-99	
-99	
-99	
-99	
-99	
-99	
-99	
-99	
-99	
-99	
-99	
-99	
-99	
-99	
-99	
-99	
-99	
-99	
-99	
-99	
-99	
-99	
-99	
-99	
-99	
-99	
-99	
-99	
-99	
-99	
-99	
-99	
-99	
-99	
-99	
-99	
-99	
-99	
-99	
-99	
-99	
-99	
-99	
-99	
-99	
-99	
-99	
-99	
-99	
-99	
-99	
-99	
-99	
-99	
-99	
-99	
-99	
-99	
-99	
-99	
-99	
-99	
-99	
-99	
-99	
-99	
-99	
-99	
-99	
-99	
-99	
-99	
-99	
-99	
-99	
-99	
-99	
-99	
-99	
-99	
-99	
-99	
-99	
-99	
-99	
-99	
-99	
-99	
-99	
-99	
-99	
-99	
-99	
-99	
-99	
-99	
-99	
-99	
-99	
-99	
-99	
-99	
-99	
-99	
-99	
-99	
-99	
-99	
-99	
-99	
-99	
-99	
-99	
-99	
-99	
-99	
-99	
-99	
-99	
-99	
-99	
-99	
-99	
-99	
-99	
-99	
-99	
-99	
-99	
-99	
-99	
-99	
-99	
-99	
-99	
-99	
-99	
-99	
-99	
-99	
-99	
-99	
-99	
-99	
-99	
-99	
-99	
-99	
-99	
-99	
-99	
-99	
-99	
-99	
-99	
-99	
-99	
-99	
-99	
-99	
-99	
-99	
-99	
-99	
-99	
-99	
-99	
-99	
-99	
-99	
-99	
-99	
-99	
-99	
-99	
-99	
-99	
-99	
-99	
-99	
-99	
-99	
-99	
-99	
-99	
-99	
-99	
-99	
-99	
-99	
-99	
-99	
-99	
-99	
-99	
-99	
-99	
-99	
-99	
-99	
-99	
-99	
-99	
-99	
-99	
-99	
-99	
-99	
-99	
-99	
-99	
-99	
-99	
-99	
-99	
-99	
-99	
-99	
-99	
-99	
-99	
-99	
-99	
-99	
-99	
-99	
-99	
-99	
-99	
-99	
-99	
-99	
-99	
-99	
-99	
-99	
-99	
-99	
-99	
-99	
-99	
-99	
-99	
-99	
-99	
-99	
-99	
-99	
-99	
-99	
-99	
-99	
-99	
-99	
-99	
-99	
-99	
-99	
-99	
-99	
-99	
-99	
-99	
-99	
-99	
-99	
-99	
-99	
-99	
-99	
-99	
-99	
-99	
-99	
-99	
-99	
-99	
-99	
-99	
-99	
-99	
-99	
-99	
-99	
-99	
-99	
-99	
-99	
-99	
-99	
-99	
-99	
-99	
-99	
-99	
-99	
-99	
-99	
-99	
-99	
-99	
-99	
-99	
-99	
-99	
-99	
-99	
-99	
-99	
-99	
-99	
-99	
-99	
-99	
-99	
-99	
-99	
-99	
-99	
-99	
-99	
-99	
-99	
-99	
-99	
-99	
-99	
-99	
-99	
-99	
-99	
-99	
-99	
-99	
-99	
-99	
-99	
-99	
-99	
-99	
-99	
-99	
-99	
-99	
-99	
-99	
-99	
-99	
-99	
-99	
-99	
-99	
-99	
-99	
-99	
-99	
-99	
-99	
-99	
-99	
-99	
-99	
-99	
-99	
-99	
-99	
-99	
-99	
-99	
-99	
-99	
-99	
-99	
-99	
-99	
-99	
-99	
-99	
-99	
-99	
-99	
-99	
-99	
-99	
-99	
-99	
-99	
-99	
-99	
-99	
-99	
-99	
-99	
-99	
-99	
-99	
-99	
-99	
-99	
-99	
-99	
-99	
-99	
-99	
-99	
-99	
-99	
-99	
-99	
-99	
-99	
-99	
-99	
-99	
-99	
-99	
-99	
-99	
-99	
-99	
-99	
-99	
-99	
-99	
-99	
-99	
-99	
-99	
-99	
-99	
-99	
-99	
-99	
-99	
-99	
-99	
-99	
-99	
-99	
-99	
-99	
-99	
-99	
-99	
-99	
-99	
-99	
-99	
-99	
-99	
-99	
-99	
-99	
-99	
-99	
-99	
-99	
-99	
-99	
-99	
-99	
-99	
-99	
-99	
-99	
-99	
-99	
-99	
-99	
-99	
-99	
-99	
-99	
-99	
-99	
-99	
-99	
-99	
-99	
-99	
-99	
-99	
-99	
-99	
-99	
-99	
-99	
-99	
-99	
-99	
-99	
-99	
-99	
-99	
-99	
-99	
-99	
-99	
-99	
-99	
-99	
-99	
-99	
-99	
-99	
-99	
-99	
-99	
-99	
-99	
-99	
-99	
-99	
-99	
-99	
-99	
-99	
-99	
-99	
-99	
-99	
-99	
-99	
-99	
-99	
-99	
-99	
-99	
-99	
-99	
-99	
-99	
-99	
-99	
-99	
-99	
-99	
-99	
-99	
-99	
-99	
-99	
-99	
-99	
-99	
-99	
-99	
-99	
-99	
-99	
-99	
-99	
-99	
-99	
-99	
-99	
-99	
-99	
-99	
-99	
-99	
-99	
-99	
-99	
-99	
-99	
-99	
-99	
-99	
-99	
-99	
-99	
-99	
-99	
-99	
-99	
-99	
-99	
-99	
-99	
-99	
-99	
-99	
-99	
-99	
-99	
-99	
-99	
-99	
-99	
-99	
-99	
-99	
-99	
-99	
-99	
-99	
-99	
-99	
-99	
-99	
-99	
-99	
-99	
-99	
-99	
-99	
-99	
-99	
-99	
-99	
-99	
-99	
-99	
-99	
-99	
-99	
-99	
-99	
-99	
-99	
-99	
-99	
-99	
-99	
-99	
-99	
-99	
-99	
-99	
-99	
-99	
-99	
-99	
-99	
-99	
-99	
-99	
-99	
-99	
-99	
-99	
-99	
-99	
-99	
-99	
-99	
-99	
-99	
-99	
-99	
-99	
-99	
-99	
-99	
-99	
-99	
-99	
-99	
-99	
-99	
-99	
-99	
-99	
-99	
-99	
-99	
-99	
-99	
-99	
-99	
-99	
-99	
-99	
-99	
-99	
-99	
-99	
-99	
-99	
-99	
-99	
-99	
-99	
-99	
-99	
-99	
-99	
-99	
-99	
-99	
-99	
-99	
-99	
-99	
-99	
-99	
-99	
-99	
-99	
-99	
-99	
-99	
-99	
-99	
-99	
-99	
-99	
-99	
-99	
-99	
-99	
-99	
-99	
-99	
-99	
-99	
-99	
-99	
-99	
-99	
-99	
-99	
-99	
-99	
-99	
-99	
-99	
-99	
-99	
-99	
-99	
-99	
-99	
-99	
-99	
-99	
-99	
-99	
-99	
-99	
-99	
-99	
-99	
-99	
-99	
-99	
-99	
-99	
-99	
-99	
-99	
-99	
-99	
-99	
-99	
-99	
-99	
-99	
-99	
-99	
-99	
-99	
-99	
-99	
-99	
-99	
-99	
-99	
-99	
-99	
-99	
-99	
-99	
-99	
-99	
-99	
-99	
-99	
-99	
-99	
-99	
-99	
-99	
-99	
-99	
-99	
-99	
-99	
-99	
-99	
-99	
-99	
-99	
-99	
-99	
-99	
-99	
-99	
-99	
-99	
-99	
-99	
-99	
-99	
-99	
-99	
-99	
-99	
-99	
-99	
-99	
-99	
-99	
-99	
-99	
-99	
-99	
-99	
-99	
-99	
-99	
-99	
-99	
-99	
-99	
-99	
-99	
-99	
-99	
-99	
-99	
-99	
-99	
-99	
-99	
-99	
-99	
-99	
-99	
-99	
-99	
-99	
-99	
-99	
-99	
-99	
-99	
-99	
-99	
-99	
-99	
-99	
-99	
-99	
-99	
-99	
-99	
-99	
-99	
-99	
-99	
-99	
-99	
-99	
-99	
-99	
-99	
-99	
-99	
-99	
-99	
-99	
-99	
-99	
-99	
-99	
-99	
-99	
-99	
-99	
-99	
-99	
-99	
-99	
-99	
-99	
-99	
-99	
-99	
-99	
-99	
-99	
-99	
-99	
-99	
-99	
-99	
-99	
-99	
-99	
-99	
-99	
-99	
-99	
-99	
-99	
-99	
-99	
-99	
-99	
-99	
-99	
-99	
-99	
-99	
-99	
-99	
-99	
-99	
-99	
-99	
-99	
-99	
-99	
-99	
-99	
-99	
-99	
-99	
-99	
-99	
-99	
-99	
-99	
-99	
-99	
-99	
-99	
-99	
-99	
-99	
-99	
-99	
-99	
-99	
-99	
-99	
-99	
-99	
-99	
-99	
-99	
-99	
-99	
-99	
-99	
-99	
-99	
-99	
-99	
-99	
-99	
-99	
-99	
-99	
-99	
-99	
-99	
-99	
-99	
-99	
-99	
-99	
-99	
-99	
-99	
-99	
-99	
-99	
-99	
-99	
-99	
-99	
-99	
-99	
-99	
-99	
-99	
-99	
-99	
-99	
-99	
-99	
-99	
-99	
-99	
-99	
-99	
-99	
-99	
-99	
-99	
-99	
-99	
-99	
-99	
-99	
-99	
-99	
-99	
-99	
-99	
-99	
-99	
-99	
-99	
-99	
-99	
-99	
-99	
-99	
-99	
-99	
-99	
-99	
-99	
-99	
-99	
-99	
-99	
-99	
-99	
-99	
-99	
-99	
-99	
-99	
-99	
-99	
-99	
-99	
-99	
-99	
-99	
-99	
-99	
-99	
-99	
-99	
-99	
-99	
-99	
-99	
-99	
-99	
-99	
-99	
-99	
-99	
-99	
-99	
-99	
-99	
-99	
-99	
-99	
-99	
-99	
-99	
-99	
-99	
-99	
-99	
-99	
-99	
-99	
-99	
-99	
-99	
-99	
-99	
-99	
-99	
-99	
-99	
-99	
-99	
-99	
-99	
-99	
-99	
-99	
-99	
-99	
-99	
-99	
-99	
-99	
-99	
-99	
-99	
-99	
-99	
-99	
-99	
-99	
-99	
-99	
-99	
-99	
-99	
-99	
-99	
-99	
-99	
-99	
-99	
-99	
-99	
-99	
-99	
-99	
-99	
-99	
-99	
-99	
-99	
-99	
-99	
-99	
-99	
-99	
-99	
-99	
-99	
-99	
-99	
-99	
-99	
-99	
-99	
-99	
-99	
-99	
-99	
-99	
-99	
-99	
-99	
-99	
-99	
-99	
-99	
-99	
-99	
-99	
-99	
-99	
-99	
-99	
-99	
-99	
-99	
-99	
-99	
-99	
-99	
-99	
-99	
-99	
-99	
-99	
-99	
-99	
-99	
-99	
-99	
-99	
-99	
-99	
-99	
-99	
-99	
-99	
-99	
-99	
-99	
-99	
-99	
-99	
-99	
-99	
-99	
-99	
-99	
-99	
-99	
-99	
-99	
-99	
-99	
-99	
-99	
-99	
-99	
-99	
-99	
-99	
-99	
-99	
-99	
-99	
-99	
-99	
-99	
-99	
-99	
-99	
-99	
-99	
-99	
-99	
-99	
-99	
-99	
-99	
-99	
-99	
-99	
-99	
-99	
-99	
-99	
-99	
-99	
-99	
-99	
-99	
-99	
-99	
-99	
-99	
-99	
-99	
-99	
-99	
-99	
-99	
-99	
-99	
-99	
-99	
-99	
-99	
-99	
-99	
-99	
-99	
-99	
-99	
-99	
-99	
-99	
-99	
-99	
-99	
-99	
-99	
-99	
-99	
-99	
-99	
-99	
-99	
-99	
-99	
-99	
-99	
-99	
-99	
-99	
-99	
-99	
-99	
-99	
-99	
-99	
-99	
-99	
-99	
-99	
-99	
-99	
-99	
-99	
-99	
-99	
-99	
-99	
-99	
-99	
-99	
-99	
-99	
-99	
-99	
-99	
-99	
-99	
-99	
-99	
-99	
-99	
-99	
-99	
-99	
-99	
-99	
-99	
-99	
-99	
-99	
-99	
-99	
-99	
-99	
-99	
-99	
-99	
-99	
-99	
-99	
-99	
-99	
-99	
-99	
-99	
-99	
-99	
-99	
-99	
-99	
-99	
-99	
-99	
-99	
-99	
-99	
-99	
-99	
-99	
-99	
-99	
-99	
-99	
-99	
-99	
-99	
-99	
-99	
-99	
-99	
-99	
-99	
-99	
-99	
-99	
-99	
-99	
-99	
-99	
-99	
-99	
-99	
-99	
-99	
-99	
-99	
-99	
-99	
-99	
-99	
-99	
-99	
-99	
-99	
-99	
-99	
-99	
-99	
-99	
-99	
-99	
-99	
-99	
-99	
-99	
-99	
-99	
-99	
-99	
-99	
-99	
-99	
-99	
-99	
-99	
-99	
-99	
-99	
-99	
-99	
-99	
-99	
-99	
-99	
-99	
-99	
-99	
-99	
-99	
-99	
-99	
-99	
-99	
-99	
-99	
-99	
-99	
-99	
-99	
-99	
-99	
-99	
-99	
-99	
-99	
-99	
-99	
-99	
-99	
-99	
-99	
-99	
-99	
-99	
-99	
-99	
-99	
-99	
-99	
-99	
-99	
-99	
-99	
-99	
-99	
-99	
-99	
-99	
-99	
-99	
-99	
-99	
-99	
-99	
-99	
-99	
-99	
-99	
-99	
-99	
-99	
-99	
-99	
-99	
-99	
-99	
-99	
-99	
-99	
-99	
-99	
-99	
-99	
-99	
-99	
-99	
-99	
-99	
-99	
-99	
-99	
-99	
-99	
-99	
-99	
-99	
-99	
-99	
-99	
-99	
-99	
-99	
-99	
-99	
-99	
-99	
-99	
-99	
-99	
-99	
-99	
-99	
-99	
-99	
-99	
-99	
-99	
-99	
-99	
-99	
-99	
-99	
-99	
-99	
-99	
-99	
-99	
-99	
-99	
-99	
-99	
-99	
-99	
-99	
-99	
-99	
-99	
-99	
-99	
-99	
-99	
-99	
-99	
-99	
-99	
-99	
-99	
-99	
-99	
-99	
-99	
-99	
-99	
-99	
-99	
-99	
-99	
-99	
-99	
-99	
-99	
-99	
-99	
-99	
-99	
-99	
-99	
-99	
-99	
-99	
-99	
-99	
-99	
-99	
-99	
-99	
-99	
-99	
-99	
-99	
-99	
-99	
-99	
-99	
-99	
-99	
-99	
-99	
-99	
-99	
-99	
-99	
-99	
-99	
-99	
-99	
-99	
-99	
-99	
-99	
-99	
-99	
-99	
-99	
-99	
-99	
-99	
-99	
-99	
-99	
-99	
-99	
-99	
-99	
-99	
-99	
-99	
-99	
-99	
-99	
-99	
-99	
-99	
-99	
-99	
-99	
-99	
-99	
-99	
-99	
-99	
-99	
-99	
-99	
-99	
-99	
-99	
-99	
-99	
-99	
-99	
-99	
-99	
-99	
-99	
-99	
-99	
-99	
-99	
-99	
-99	
-99	
-99	
-99	
-99	
-99	
-99	
-99	
-99	
-99	
-99	
-99	
-99	
-99	
-99	
-99	
-99	
-99	
-99	
-99	
-99	
-99	
-99	
-99	
-99	
-99	
-99	
-99	
-99	
-99	
-99	
-99	
-99	
-99	
-99	
-99	
-99	
-99	
-99	
-99	
-99	
-99	
-99	
-99	
-99	
-99	
-99	
-99	
-99	
-99	
-99	
-99	
-99	
-99	
-99	
-99	
-99	
-99	
-99	
-99	
-99	
-99	
-99	
-99	
-99	
-99	
-99	
-99	
-99	
-99	
-99	
-99	
-99	
-99	
-99	
-99	
-99	
-99	
-99	
-99	
-99	
-99	
-99	
-99	
-99	
-99	
-99	
-99	
-99	
-99	
-99	
-99	
-99	
-99	
-99	
-99	
-99	
-99	
-99	
-99	
-99	
-99	
-99	
-99	
-99	
-99	
-99	
-99	
-99	
-99	
-99	
-99	
-99	
-99	
-99	
-99	
-99	
-99	
-99	
-99	
-99	
-99	
-99	
-99	
-99	
-99	
-99	
-99	
-99	
-99	
-99	
-99	
-99	
-99	
-99	
-99	
-99	
-99	
-99	
-99	
-99	
-99	
-99	
-99	
-99	
-99	
-99	
-99	
-99	
-99	
-99	
-99	
-99	
-99	
-99	
-99	
-99	
-99	
-99	
-99	
-99	
-99	
-99	
-99	
-99	
-99	
-99	
-99	
-99	
-99	
-99	
-99	
-99	
-99	
-99	
-99	
-99	
-99	
-99	
-99	
-99	
-99	
-99	
-99	
-99	
-99	
-99	
-99	
-99	
-99	
-99	
-99	
-99	
-99	
-99	
-99	
-99	
-99	
-99	
-99	
-99	
-99	
-99	
-99	
-99	
-99	
-99	
-99	
-99	
-99	
-99	
-99	
-99	
-99	
-99	
-99	
-99	
-99	
-99	
-99	
-99	
-99	
-99	
-99	
-99	
-99	
-99	
-99	
-99	
-99	
-99	
-99	
-99	
-99	
-99	
-99	
-99	
