20000101
0.20
0.00
0.40
0.20
0.00
0.00
0.20
0.00
0.00
0.00
0.00
0.20
0.20
12.00
3.00
0.20
0.00
0.00
0.00
0.20
0.00
0.00
0.00
0.00
0.00
0.80
0.20
0.40
0.20
0.00
0.00
0.00
0.00
0.00
0.00
0.00
0.00
0.00
0.00
0.00
0.00
0.00
0.20
0.00
0.00
0.00
0.40
0.00
0.00
0.00
0.00
0.20
0.00
0.20
0.00
0.20
0.00
0.00
0.00
0.00
0.20
0.00
0.00
0.00
0.00
0.00
0.00
0.20
0.00
0.00
0.00
0.00
0.00
0.00
0.00
0.20
0.00
0.00
0.00
2.60
0.00
0.00
11.80
0.80
0.20
0.00
0.00
0.00
2.60
10.80
9.00
0.00
1.60
11.20
0.20
0.00
0.00
0.00
2.60
18.40
27.00
3.20
0.00
0.00
1.40
0.20
14.40
0.00
2.00
0.00
0.00
0.00
4.40
3.20
0.00
0.00
0.00
11.20
1.00
0.00
0.00
0.00
0.00
0.00
0.00
1.00
0.20
0.00
0.20
1.00
45.30
0.00
0.00
0.00
0.00
0.00
0.00
1.60
0.00
0.00
0.00
28.50
1.20
0.00
0.80
3.40
9.80
1.00
0.00
0.00
0.00
0.00
0.20
0.00
0.00
0.40
11.00
0.00
0.00
0.20
69.00
39.40
1.40
0.20
1.20
0.20
0.20
0.00
0.00
0.00
0.00
0.00
0.00
0.20
0.00
0.00
0.20
0.00
0.20
0.00
0.00
0.00
0.00
0.00
0.00
0.00
0.00
0.00
0.00
0.00
0.00
0.00
0.00
0.00
0.00
0.00
0.00
0.00
0.40
0.00
0.00
0.00
0.00
0.00
2.40
0.00
0.00
0.00
0.00
0.00
0.00
0.20
0.00
0.60
0.00
0.00
0.00
0.20
0.00
0.00
0.00
0.00
0.00
1.00
3.00
0.00
0.00
0.00
0.00
0.00
0.00
0.00
0.00
0.00
0.00
0.20
0.00
0.00
0.00
0.00
0.20
0.00
6.80
0.00
0.20
0.00
0.20
0.00
0.00
0.20
0.00
0.00
0.00
0.00
0.00
2.00
0.20
0.00
0.00
0.00
4.20
0.40
8.00
0.20
0.00
0.00
0.00
0.00
0.00
0.00
16.80
6.20
0.00
0.00
0.00
0.00
0.00
0.00
0.00
0.20
0.00
0.00
0.00
0.00
3.20
1.20
4.20
0.40
0.00
0.00
0.20
0.00
0.20
0.00
101.20
86.70
19.00
0.00
1.60
0.20
0.40
0.40
0.20
0.00
6.20
0.00
6.60
0.60
0.00
0.60
4.80
0.00
0.00
0.00
0.20
0.00
0.40
8.00
0.00
0.20
0.20
0.00
0.00
0.00
0.00
0.00
3.80
10.20
0.20
0.00
1.40
1.60
0.20
21.80
1.60
0.00
0.00
0.00
0.20
0.40
4.20
6.40
0.00
0.20
0.00
0.20
0.00
0.00
0.00
0.00
0.00
0.20
0.00
0.00
0.00
7.40
19.60
19.00
25.80
0.60
0.80
2.00
2.20
0.20
1.40
0.00
0.00
1.20
0.00
0.60
0.20
0.00
0.20
0.00
0.00
0.00
2.60
0.80
0.40
0.60
8.00
0.00
0.00
1.40
0.00
0.00
0.20
0.00
0.00
0.40
0.00
2.40
1.00
4.60
0.00
0.00
0.00
0.00
0.00
0.20
0.20
0.00
0.00
0.00
0.00
0.00
0.00
0.20
0.20
2.20
11.60
1.80
0.00
0.20
0.20
0.00
0.20
0.00
0.00
0.00
0.00
0.00
0.00
0.00
0.00
0.60
5.00
0.20
0.00
3.80
0.00
14.60
1.00
0.20
0.20
0.20
0.20
0.20
0.00
0.00
0.00
0.20
0.00
0.00
0.00
0.00
0.00
0.00
0.00
0.00
0.00
0.00
0.00
2.00
0.00
0.00
0.00
0.00
0.00
0.00
0.00
0.00
0.40
0.00
0.00
0.00
0.00
0.00
0.00
0.00
0.00
0.00
0.00
0.00
0.00
0.00
0.00
0.20
0.00
0.00
0.00
0.00
0.00
0.00
0.40
54.00
21.40
5.80
2.20
0.20
0.40
0.00
0.00
0.00
3.40
13.40
0.20
0.20
0.00
0.00
0.00
0.00
2.20
0.60
1.60
6.20
0.00
10.40
5.00
0.20
0.20
0.00
0.00
0.00
0.00
0.00
0.00
0.00
0.00
0.00
0.00
0.00
0.00
0.20
0.00
0.00
2.00
0.00
0.00
0.00
0.00
0.00
0.00
0.00
0.00
0.00
0.00
0.00
0.00
0.00
0.00
0.00
0.00
0.00
0.00
0.00
0.00
0.00
0.00
0.00
0.00
0.80
0.00
0.00
0.00
11.80
0.20
0.00
0.00
0.00
6.20
0.20
8.00
0.40
0.00
15.80
0.00
0.00
0.00
0.00
0.00
0.00
0.00
0.00
0.00
0.00
0.00
0.00
0.20
0.00
0.00
0.00
0.00
0.20
0.00
0.00
0.00
0.00
0.00
0.20
0.00
0.00
1.00
0.80
0.00
0.00
0.00
0.20
0.00
0.00
0.00
0.00
0.00
0.00
0.00
0.00
0.00
0.00
0.00
0.00
0.20
0.60
0.00
0.20
0.00
0.00
0.00
0.00
0.00
0.00
0.40
0.00
0.00
0.00
0.00
0.00
0.00
0.20
3.20
0.00
33.90
0.60
0.60
0.00
0.20
0.60
4.40
0.40
0.40
0.20
0.00
8.00
0.20
0.00
0.20
0.00
0.00
16.20
0.00
0.00
0.00
1.20
0.20
0.20
0.00
14.40
13.20
1.60
7.40
0.00
0.20
0.20
0.20
0.00
0.40
0.20
0.00
0.00
0.00
0.20
0.20
2.00
0.20
0.00
0.20
0.20
0.00
0.20
0.00
0.00
4.20
0.00
0.00
2.20
32.60
45.40
18.40
0.00
0.20
0.00
0.20
0.40
0.00
0.20
0.20
0.20
0.00
0.00
0.00
0.20
0.00
0.00
0.20
0.00
0.00
0.40
0.20
0.00
0.40
0.20
0.20
0.20
0.00
0.00
0.00
0.00
0.00
1.00
2.20
0.00
0.00
0.00
0.00
0.00
0.00
0.00
0.00
0.00
0.00
0.00
2.80
6.40
9.00
9.80
12.20
0.20
0.20
0.40
1.20
0.20
0.60
0.40
0.00
1.60
1.60
1.00
0.00
0.00
0.20
0.20
0.00
0.20
2.00
6.20
0.00
0.00
0.00
0.00
0.00
0.00
0.00
0.00
0.00
0.00
0.20
0.20
8.40
0.00
0.00
0.00
0.20
0.00
0.20
0.00
0.20
0.20
0.00
0.00
0.00
0.00
0.20
0.00
0.00
0.00
0.00
0.00
0.00
0.00
0.00
0.00
0.00
1.00
0.20
2.60
41.40
0.40
0.00
0.00
0.20
0.00
0.00
0.40
9.60
3.40
0.00
0.00
2.80
0.00
0.00
0.00
0.00
0.00
0.00
0.00
0.00
0.20
0.00
1.20
9.00
0.00
0.60
0.00
13.00
27.40
4.80
0.00
1.40
9.00
2.80
0.20
14.80
19.80
16.20
0.00
0.00
0.00
0.20
0.00
0.00
0.00
0.20
0.00
0.00
0.00
0.00
0.00
0.00
0.00
0.00
0.00
0.20
0.00
0.20
0.00
0.00
0.00
7.20
45.80
33.20
4.00
0.60
0.20
0.20
0.00
0.00
0.00
0.00
0.00
0.00
0.00
0.00
0.00
1.80
0.00
0.00
0.00
0.60
0.00
0.00
0.00
0.00
0.00
0.00
0.00
0.00
18.80
5.00
0.00
2.40
11.40
0.00
0.00
0.00
0.00
0.00
0.00
0.00
0.00
0.00
0.00
0.00
0.00
0.00
0.00
0.00
0.00
0.00
0.00
0.00
0.00
1.40
0.00
1.00
0.00
0.20
0.00
0.00
0.00
0.00
0.80
1.40
0.00
0.00
1.80
0.40
0.00
0.00
0.00
0.00
0.00
0.00
0.00
0.00
0.00
0.00
0.00
0.00
0.00
0.00
0.20
0.00
0.80
0.00
0.40
0.20
0.00
0.20
0.00
0.20
0.00
5.20
4.20
0.00
0.00
0.00
0.00
0.00
0.00
1.00
0.00
0.00
0.00
0.00
0.00
0.00
0.00
0.00
0.00
0.00
14.30
0.00
0.00
0.20
0.00
0.20
0.40
7.40
0.40
0.00
0.00
0.20
2.20
0.20
0.20
0.40
0.20
0.00
0.00
0.20
0.20
1.00
1.80
0.20
39.20
5.00
0.20
0.00
0.20
0.00
0.00
0.00
0.20
0.00
0.00
1.00
11.40
0.00
0.20
0.20
0.20
0.20
5.60
34.60
9.60
0.00
0.00
0.00
0.20
0.20
0.00
0.00
0.00
0.20
1.20
6.20
0.00
0.00
0.00
0.00
0.20
0.40
0.20
0.20
1.40
0.00
0.20
0.20
0.00
0.00
0.20
2.60
1.20
0.00
0.00
0.00
0.00
0.40
2.60
4.40
0.60
0.20
0.20
0.20
2.80
30.70
0.40
0.00
2.00
12.80
0.20
0.00
0.00
0.20
0.00
0.00
3.40
0.00
0.00
0.00
0.00
0.00
0.20
0.20
3.20
11.40
0.20
0.20
0.20
5.20
0.00
0.40
0.60
0.00
5.20
1.80
0.20
0.00
0.00
0.00
0.00
0.00
6.60
2.60
0.00
2.00
0.20
0.00
0.00
0.60
0.00
9.00
4.20
0.00
2.80
0.80
0.00
0.00
0.00
0.00
0.00
0.00
0.00
0.20
0.00
1.80
3.20
0.20
0.00
0.00
0.00
0.00
0.00
0.00
0.00
0.00
0.00
0.00
0.00
0.00
0.00
0.80
0.00
0.00
0.20
0.20
0.20
0.00
0.20
0.00
0.60
0.00
0.00
1.40
0.00
0.20
5.20
21.00
42.00
18.00
2.40
3.80
67.20
117.00
0.20
0.20
0.00
0.00
0.00
0.00
2.60
2.20
0.20
0.00
0.20
0.00
0.00
0.00
0.00
0.00
2.40
0.00
0.00
0.00
0.00
0.00
0.00
0.00
0.00
0.00
0.00
0.00
1.60
50.40
0.00
3.00
8.40
0.20
0.20
0.00
0.00
0.00
0.00
0.00
0.00
8.60
0.00
0.40
0.00
0.00
18.80
10.80
0.00
0.00
0.00
6.60
2.20
0.00
0.20
0.00
0.00
0.00
0.00
0.20
0.00
0.00
0.20
0.00
0.20
0.00
0.00
2.40
86.10
67.10
8.40
0.00
0.00
0.00
0.20
0.20
0.00
0.00
8.20
4.00
0.20
1.80
0.00
0.00
0.00
0.00
7.20
0.40
0.00
0.00
0.00
0.00
0.00
0.00
0.00
0.00
0.00
0.00
4.80
0.00
0.20
2.60
0.00
0.00
0.00
0.00
0.00
0.00
0.00
0.00
7.40
0.00
0.00
0.00
0.00
0.00
0.00
0.00
0.00
0.00
0.00
2.60
0.00
0.00
0.00
0.00
0.00
0.00
0.40
0.00
0.00
0.00
0.20
0.00
0.00
0.00
0.00
0.00
0.00
0.00
0.00
0.00
0.00
2.00
0.00
0.00
1.20
0.00
0.00
0.00
0.00
0.00
0.20
0.00
0.20
0.00
0.00
0.00
0.00
0.00
0.00
0.00
0.00
0.00
0.00
0.00
0.00
0.00
0.00
0.00
0.00
26.30
0.40
0.00
0.00
0.00
0.20
0.00
0.00
0.00
0.00
0.00
0.00
0.00
0.00
21.30
0.20
0.80
17.20
4.00
0.00
0.20
6.80
8.60
0.20
0.00
0.00
0.20
0.20
0.20
0.00
0.00
0.00
0.00
0.00
0.20
0.40
0.40
0.20
0.00
0.20
0.00
5.40
2.20
1.00
62.80
47.70
0.20
0.00
0.00
0.00
0.00
0.00
0.00
0.20
0.20
0.20
0.80
1.20
0.00
17.40
7.00
57.80
15.60
14.60
1.00
0.00
1.20
0.00
0.00
0.20
16.20
5.20
3.00
0.20
0.00
6.00
0.20
0.00
0.00
0.00
0.20
0.20
0.00
0.80
4.00
51.80
0.20
0.20
0.00
0.20
14.40
63.30
10.00
0.20
0.00
0.00
0.00
9.00
15.80
1.20
0.00
1.20
1.20
0.00
0.00
0.00
11.40
1.20
0.00
21.20
4.60
4.00
1.00
4.00
0.20
0.00
0.40
0.40
0.00
0.20
0.00
0.20
0.00
2.20
0.20
0.00
0.20
0.00
0.00
0.00
0.00
0.00
0.20
2.80
0.20
0.00
0.00
0.20
0.00
0.00
0.00
0.20
0.20
0.00
0.00
0.00
0.00
0.00
0.40
0.00
0.00
0.00
0.00
0.20
0.20
0.00
0.00
0.00
0.00
0.00
0.20
0.80
1.60
1.20
0.00
0.00
1.00
0.60
0.00
0.20
0.20
0.40
0.40
0.00
0.00
0.00
0.20
0.00
0.00
0.00
0.00
0.00
0.20
0.00
0.60
0.20
0.00
43.80
2.20
0.00
0.00
6.20
30.00
26.00
0.60
0.20
0.00
0.40
3.20
1.40
0.00
0.00
0.00
0.20
0.00
0.00
0.20
0.00
0.00
2.80
0.00
0.20
0.00
0.00
0.00
0.00
0.00
0.20
0.00
0.00
0.00
0.00
0.00
0.80
23.40
106.20
7.60
1.00
1.20
2.60
0.00
0.00
0.00
0.00
0.00
33.60
1.60
0.20
0.20
4.00
0.20
0.00
2.00
71.00
0.80
0.40
0.00
0.00
0.00
28.20
0.00
0.00
0.00
0.00
0.00
4.80
0.40
0.00
1.60
1.00
47.00
1.40
2.00
0.20
1.00
0.00
0.20
0.40
17.80
2.60
0.00
0.00
0.00
0.00
0.00
0.00
0.00
0.00
0.00
0.00
0.00
0.00
0.00
0.00
6.80
0.20
0.00
20.40
0.00
0.20
0.00
0.00
0.00
0.00
0.00
0.00
0.00
0.00
0.00
0.00
23.20
0.00
0.60
2.00
0.20
0.00
0.00
0.60
0.00
0.40
0.20
0.00
0.00
0.00
0.00
0.00
0.00
0.00
0.00
0.00
0.00
0.00
0.00
4.40
8.00
2.60
0.00
0.00
11.00
11.00
0.20
0.00
0.00
0.00
0.00
0.80
0.00
0.00
0.00
0.00
0.00
0.60
0.00
0.00
0.00
0.00
0.00
0.40
0.20
0.00
0.00
0.00
0.00
0.00
0.20
0.00
0.00
0.00
0.00
0.00
0.00
0.00
0.00
0.00
0.00
0.00
7.80
0.20
0.00
0.00
0.00
0.00
0.60
0.00
0.00
0.00
0.20
0.80
1.20
0.00
0.00
0.00
0.00
12.60
0.20
0.20
17.40
0.20
0.00
0.00
0.60
1.40
0.20
0.20
0.00
1.60
0.20
0.20
0.40
0.40
0.20
0.20
0.00
0.00
0.00
0.00
0.00
0.00
0.20
0.00
0.20
0.00
0.20
0.00
0.00
0.00
0.00
0.00
0.00
0.00
0.00
0.00
0.00
0.00
0.20
0.00
0.00
0.00
1.00
1.00
0.00
12.90
0.40
0.20
0.00
11.60
0.40
11.80
0.20
0.40
0.20
0.20
0.40
0.00
0.20
0.00
1.60
0.20
0.00
0.20
0.00
0.00
0.00
0.00
0.00
0.00
0.00
0.00
0.20
0.20
0.00
0.00
0.00
0.20
0.20
0.20
0.00
0.00
0.20
0.60
3.00
0.20
46.80
0.20
0.60
22.20
9.60
0.00
7.00
18.40
26.80
0.00
0.20
0.00
0.20
0.20
0.20
0.00
0.20
0.00
0.00
0.00
0.00
0.00
0.00
0.20
0.20
0.60
0.20
0.20
0.00
0.00
0.00
0.20
0.00
0.20
0.20
0.20
0.00
0.00
0.00
0.00
0.00
0.00
0.00
0.00
0.20
0.60
0.20
0.20
0.20
0.00
0.00
0.00
0.20
0.20
0.00
0.00
0.00
0.00
0.00
0.00
0.00
0.00
0.00
0.20
0.00
0.20
0.20
6.40
2.80
21.20
7.60
0.20
0.20
0.00
0.00
0.00
0.00
0.00
0.00
0.00
0.00
0.00
0.00
0.00
0.20
0.00
0.00
0.00
0.00
0.00
1.40
3.40
1.00
0.00
0.00
0.00
0.00
0.00
0.00
0.00
0.00
0.20
0.00
0.20
0.00
0.00
0.00
0.00
0.00
0.00
0.00
0.00
9.20
0.00
0.20
1.80
0.00
0.00
0.00
0.00
0.00
0.00
8.20
0.20
0.20
0.20
0.20
0.00
0.00
0.00
0.00
0.00
0.00
0.00
0.20
0.20
0.00
0.00
0.00
0.00
0.20
0.20
0.40
0.00
1.80
0.00
0.00
0.00
0.00
0.00
0.00
0.00
0.20
1.80
0.00
0.00
0.00
0.00
0.00
3.20
0.20
0.40
0.00
12.80
0.20
6.60
44.40
16.20
0.00
0.00
0.00
0.00
1.00
0.00
0.20
0.00
0.00
0.00
0.00
0.00
0.00
0.00
0.00
0.00
0.00
0.00
0.00
0.00
0.00
0.00
0.00
0.00
1.40
0.00
2.00
0.20
0.00
0.00
0.00
0.00
0.00
0.60
4.40
0.20
0.00
3.00
0.00
0.00
0.00
2.60
-99.00
-99.00
-99.00
-99.00
-99.00
4.40
0.20
0.00
0.00
0.00
0.00
0.00
0.00
0.00
0.00
0.00
0.00
0.00
0.00
0.00
0.00
0.00
0.00
0.00
0.00
0.00
0.00
0.00
0.00
0.20
0.00
0.00
0.00
10.60
0.00
0.20
0.00
0.00
0.00
0.00
0.00
9.80
3.40
6.80
0.20
0.00
0.00
0.20
1.00
1.40
1.40
0.00
0.00
0.00
0.00
0.00
0.00
0.00
0.00
0.40
0.00
0.00
0.00
0.00
0.00
0.00
0.00
0.00
0.00
0.80
59.30
5.60
0.20
0.00
0.00
0.00
6.80
1.20
0.20
0.60
1.80
0.00
0.00
0.00
0.00
0.00
0.00
0.00
23.70
0.00
0.20
0.40
0.40
0.00
0.00
0.00
0.00
0.00
0.20
2.20
0.20
0.20
0.20
2.00
12.60
15.80
25.40
26.80
14.00
0.20
0.00
5.80
0.20
0.40
0.20
0.20
5.60
0.20
0.20
0.20
0.00
1.40
0.00
0.20
1.60
0.00
0.20
0.00
0.00
0.20
0.20
0.00
0.00
37.00
10.40
8.00
6.40
80.10
29.00
3.00
0.20
0.00
0.20
0.20
0.80
0.20
0.20
0.00
0.20
0.40
0.00
0.00
0.00
0.00
0.00
0.00
11.20
0.20
0.00
0.80
0.00
0.00
0.20
0.00
0.00
0.00
0.00
0.00
0.20
0.00
0.20
0.00
0.20
0.20
0.20
0.20
0.00
0.00
0.00
0.00
0.00
0.00
0.00
0.20
0.20
0.00
0.20
0.00
0.00
0.20
0.00
2.80
36.00
24.00
4.20
7.40
0.20
0.20
0.20
0.20
1.40
-99.00
1.20
0.00
0.20
0.20
0.00
0.00
0.20
0.20
0.00
0.20
0.00
0.00
0.40
23.20
6.20
0.20
0.20
0.00
0.00
0.00
0.20
0.00
0.00
0.00
0.20
0.20
0.00
0.00
0.00
0.20
0.00
0.00
0.00
2.80
0.00
1.40
1.40
0.20
0.00
0.00
18.00
0.20
0.00
0.00
0.00
0.00
0.00
1.00
0.20
0.00
0.00
0.00
0.00
0.00
0.00
0.00
0.20
0.00
0.00
0.60
12.20
1.20
1.00
0.20
0.00
0.60
0.20
0.00
0.00
0.00
0.00
0.00
0.00
0.00
0.00
0.00
0.00
0.00
0.00
0.00
0.00
0.20
0.00
0.00
0.00
0.00
0.00
0.20
0.60
4.60
10.80
0.20
0.00
1.40
0.20
0.00
0.00
0.00
0.00
0.00
0.40
0.20
0.00
0.00
0.00
0.00
2.80
0.00
0.00
0.00
0.40
0.00
0.00
0.00
0.00
1.40
0.00
0.00
0.00
0.00
0.40
0.40
0.00
0.00
0.00
0.00
0.00
0.00
0.00
0.00
0.00
0.00
0.00
0.00
0.00
0.00
0.00
0.00
0.00
0.00
1.40
0.00
0.00
0.80
0.40
0.00
0.00
0.00
0.00
0.00
0.00
0.00
0.00
0.00
0.00
0.00
0.00
0.00
1.00
1.60
0.00
0.00
0.00
0.00
0.00
0.00
0.00
0.00
0.00
0.00
0.00
0.00
0.00
0.00
0.00
0.00
0.00
3.20
16.10
4.00
0.20
2.60
0.00
0.00
0.00
0.00
0.00
0.00
0.00
0.00
0.00
0.20
0.00
0.00
0.00
0.00
0.00
0.00
0.00
0.00
0.00
0.00
0.00
0.20
0.00
0.00
0.00
0.00
0.00
0.20
3.20
0.00
5.40
0.20
0.00
0.00
0.20
0.00
1.40
0.00
0.00
0.00
0.00
0.00
0.00
0.00
0.00
0.00
0.00
0.20
0.00
0.00
0.00
0.00
1.60
0.00
0.00
0.00
45.50
53.20
18.20
0.20
0.40
0.00
0.20
0.00
0.00
0.20
0.40
13.80
0.00
0.20
0.00
0.00
0.20
0.20
0.00
0.00
0.00
0.00
0.00
0.00
0.20
0.00
0.20
0.00
0.20
7.60
0.40
0.20
0.20
0.40
1.80
0.20
19.40
0.80
4.60
0.20
0.00
4.80
0.00
0.20
0.00
0.00
0.00
0.00
0.00
0.00
0.00
0.40
0.00
0.60
0.00
0.40
3.60
0.00
0.20
0.40
0.20
0.00
0.20
0.00
0.00
7.60
1.00
0.20
0.00
0.20
0.20
0.00
0.00
0.00
0.00
0.00
0.20
0.20
0.20
0.20
0.20
0.00
0.20
0.00
0.00
20.80
0.00
6.00
0.20
0.00
0.20
0.00
0.00
0.20
7.80
1.00
0.20
0.00
0.00
0.00
0.00
0.20
7.60
1.40
1.20
0.20
0.00
0.00
0.00
0.20
0.00
0.20
0.00
0.00
0.00
0.20
0.20
0.00
0.20
0.00
0.00
0.20
0.00
0.00
0.20
0.00
0.00
0.20
0.00
0.00
0.00
0.00
4.40
2.00
0.00
0.40
1.40
0.20
0.00
0.20
4.80
0.00
0.00
0.40
0.00
0.00
0.00
0.00
0.20
7.80
3.80
0.40
0.00
2.20
0.00
0.20
0.00
0.00
9.20
0.20
0.20
0.20
0.20
0.00
0.00
0.00
0.80
0.00
0.00
0.00
0.60
0.00
0.00
0.00
0.00
0.00
9.20
0.00
0.00
0.00
0.20
0.20
0.00
0.00
0.00
2.60
0.00
0.00
0.20
0.00
0.00
0.00
0.00
0.00
0.00
0.00
2.80
6.80
15.80
0.40
15.40
59.40
69.80
17.80
2.00
22.00
4.00
0.00
0.00
0.00
0.20
0.00
19.00
16.60
8.40
4.40
0.00
2.00
0.00
0.20
0.00
0.00
0.00
0.00
0.00
0.00
0.00
0.00
2.40
12.20
2.60
9.60
0.20
8.80
0.40
4.40
0.20
0.00
0.00
0.00
0.00
0.00
0.00
0.00
2.40
0.00
0.00
0.00
0.00
1.60
0.00
0.00
0.00
0.00
1.20
0.00
1.00
2.00
0.20
0.00
0.00
0.00
0.00
0.00
0.00
4.00
3.20
0.40
0.00
0.00
0.00
0.00
0.00
0.00
0.00
0.00
2.20
0.20
0.00
1.60
0.00
0.00
0.00
0.00
0.00
0.00
0.00
0.00
0.00
0.00
0.20
0.00
7.00
0.00
0.00
0.00
0.00
0.00
0.00
0.00
0.00
0.00
0.00
0.00
0.00
0.00
0.00
0.00
0.00
0.00
0.00
0.00
0.00
0.00
0.20
0.00
0.00
0.20
0.00
0.00
0.00
0.00
0.20
0.20
0.00
0.00
0.20
0.00
5.40
5.40
0.00
0.80
0.20
0.00
0.00
0.00
0.00
0.00
0.00
0.00
0.00
0.20
0.00
0.00
0.80
0.00
1.20
0.60
0.00
0.00
0.00
0.00
0.00
0.00
0.00
0.00
0.00
0.00
0.00
0.20
0.00
0.00
0.20
0.00
0.20
0.00
0.00
0.20
0.40
0.00
0.00
0.00
0.00
0.00
1.00
15.60
0.20
0.00
0.20
0.00
0.00
0.00
0.00
0.20
0.20
0.20
13.40
26.90
3.20
0.20
0.20
1.40
0.20
0.00
4.80
0.00
0.20
0.20
0.40
1.00
8.80
0.20
0.20
0.20
0.00
0.00
0.00
0.00
0.00
0.20
0.00
0.20
0.00
0.00
0.00
0.00
0.00
0.00
0.20
0.20
0.20
0.00
0.00
0.00
0.20
0.00
0.00
0.00
0.00
0.00
0.00
0.00
0.00
0.00
12.20
1.60
0.20
0.00
0.00
0.20
0.00
0.00
0.20
0.20
0.20
0.00
0.20
0.00
0.00
0.20
0.00
0.00
0.00
0.00
0.00
0.00
0.00
0.00
0.00
0.00
0.00
0.00
7.20
9.20
21.20
39.20
3.80
2.20
0.00
0.00
0.20
0.00
0.20
0.00
0.00
0.20
0.00
6.00
5.60
0.20
0.00
0.00
0.20
0.20
0.00
1.40
3.80
0.20
0.00
5.00
0.00
4.60
0.00
0.00
0.20
0.40
0.20
0.00
0.20
0.20
0.00
0.00
0.20
0.00
0.00
0.00
0.00
0.20
0.00
4.60
1.60
0.00
0.00
0.00
0.00
0.00
0.00
0.00
0.00
0.20
0.60
0.00
0.20
0.20
5.60
4.00
1.80
0.20
0.20
0.20
5.20
8.00
0.00
0.20
0.00
0.00
0.20
0.00
0.00
0.00
0.00
0.00
0.00
0.00
1.00
0.00
0.00
0.00
0.00
0.00
0.00
0.00
0.00
0.00
0.00
0.00
0.00
0.00
0.00
0.80
0.00
2.20
2.40
0.00
0.00
6.60
0.40
0.00
0.00
0.00
0.00
0.00
0.00
2.20
1.60
6.00
3.20
6.60
0.20
1.00
0.00
0.00
0.00
4.20
5.40
1.00
34.50
0.40
0.00
0.00
0.00
0.00
0.00
0.00
1.00
0.20
0.00
0.00
0.00
0.00
0.00
0.00
0.00
0.00
0.80
39.40
130.80
13.00
7.80
0.00
29.90
0.00
11.00
2.00
3.20
29.60
0.00
0.20
0.40
1.00
1.60
39.00
1.80
7.00
8.80
0.00
0.00
8.00
5.60
2.60
1.00
0.00
1.40
0.00
0.00
0.00
0.20
7.80
0.60
0.20
0.00
0.00
0.00
1.40
0.00
0.20
0.00
0.00
0.00
0.00
0.00
0.00
0.00
0.00
2.40
0.20
0.20
0.20
0.20
0.00
0.00
0.00
0.00
0.00
0.00
0.00
0.00
0.00
0.00
0.20
0.00
0.00
1.20
0.00
0.00
0.00
0.20
0.60
0.00
0.00
0.00
0.00
0.00
0.00
0.00
0.00
0.80
0.00
0.00
0.00
0.00
0.00
0.00
0.00
2.20
0.00
0.00
0.00
0.00
0.00
0.00
0.00
0.00
0.00
0.00
0.00
0.00
0.00
0.00
0.60
4.40
0.00
0.20
0.20
0.00
0.00
0.20
0.00
0.00
0.00
0.00
0.20
0.00
0.00
0.00
3.20
0.20
0.20
0.00
0.00
7.20
0.00
0.00
0.00
0.20
0.00
0.00
0.20
0.00
0.00
0.00
25.60
12.80
2.80
0.00
8.80
0.00
0.20
0.00
0.20
0.00
0.20
0.00
0.00
0.00
0.00
0.40
1.00
0.80
0.00
0.40
0.80
0.00
1.00
17.70
0.20
0.20
6.00
0.20
0.00
0.20
3.20
7.80
0.20
0.20
0.20
0.20
31.80
8.40
15.60
17.00
12.00
123.90
0.20
0.20
0.00
0.00
0.00
1.00
0.20
0.00
0.20
0.40
0.00
0.00
0.20
0.20
0.20
0.00
0.20
0.20
0.20
0.00
0.00
0.20
0.00
0.00
0.00
0.00
1.40
0.00
0.00
0.00
0.20
0.00
0.80
0.00
0.40
1.60
8.60
0.20
0.00
0.00
11.00
0.00
0.20
2.60
0.20
0.00
0.20
0.20
0.00
0.00
0.00
0.00
0.00
15.00
31.80
17.40
4.00
0.20
0.80
0.00
7.60
0.20
0.00
0.00
0.00
0.00
0.00
22.40
12.60
0.00
0.00
0.00
0.00
0.20
0.20
0.20
0.00
2.20
0.00
0.00
1.20
0.40
1.20
1.20
0.20
0.00
0.00
0.00
0.40
12.40
14.20
10.40
0.80
0.20
0.80
0.20
0.00
0.00
0.00
0.00
4.00
0.00
0.00
0.40
0.20
0.00
0.20
0.00
0.20
0.20
0.20
0.20
0.00
0.00
0.00
0.40
0.20
1.60
1.00
0.20
2.00
8.00
0.00
0.00
0.00
0.00
0.00
0.20
0.00
0.00
0.00
0.00
0.00
0.00
0.00
0.00
0.00
0.00
0.00
0.20
0.00
0.00
0.00
0.00
0.00
20.00
5.40
6.00
18.80
3.80
7.60
0.20
0.00
0.20
3.00
55.20
13.40
0.20
36.40
55.30
4.80
0.00
0.00
14.20
1.20
0.20
5.80
34.10
1.00
0.00
0.00
0.00
0.00
0.00
20.80
0.00
0.00
0.00
3.60
0.80
0.00
0.00
0.00
0.00
0.00
0.00
0.00
1.20
0.00
0.00
0.00
1.00
0.00
0.00
0.00
0.00
0.00
0.00
0.00
0.00
0.00
0.00
0.00
0.00
0.00
0.00
0.00
0.00
0.00
0.00
0.00
0.00
0.00
0.00
10.20
0.00
0.00
0.00
0.00
0.00
0.00
0.00
0.00
0.00
0.00
0.00
0.00
0.00
0.60
0.20
0.00
0.00
0.00
0.00
0.40
3.20
0.20
0.00
0.00
0.00
0.00
0.00
0.00
0.00
0.00
0.00
0.00
0.20
2.60
0.00
0.00
0.00
0.00
0.00
0.00
0.00
0.00
0.00
0.00
0.00
0.60
5.00
0.20
0.00
0.00
0.00
0.00
0.00
0.00
0.00
0.00
14.50
0.00
0.20
0.00
0.00
0.00
0.00
2.60
0.60
0.20
0.00
0.00
0.00
0.00
0.00
0.00
0.00
0.00
0.00
0.00
0.00
0.00
0.00
0.00
0.40
0.20
0.00
1.60
0.00
0.00
0.20
0.20
0.20
0.00
0.00
0.00
0.20
0.00
0.00
0.00
0.00
0.00
0.20
6.60
3.00
1.20
0.00
52.60
0.80
0.00
0.00
0.20
0.00
13.00
0.20
0.00
0.20
0.00
0.20
0.00
17.00
1.20
0.20
0.00
0.00
0.00
0.00
0.00
1.20
0.00
0.00
0.20
0.00
0.00
0.00
0.00
0.00
0.00
0.00
0.20
10.00
12.00
18.60
0.00
0.00
0.00
0.20
0.20
0.20
0.00
0.20
0.00
0.20
0.20
0.00
0.00
0.00
0.60
1.20
0.60
0.00
0.00
0.00
0.00
0.00
0.00
0.00
0.00
0.00
0.00
0.00
0.00
0.00
0.80
0.00
0.00
0.00
0.80
0.00
0.00
4.20
0.20
0.00
0.20
1.60
0.20
0.00
0.00
0.00
0.00
0.00
0.20
0.00
0.40
0.00
0.00
0.00
0.00
0.00
1.80
1.20
1.40
21.20
24.40
4.00
12.80
8.60
9.00
0.00
0.00
3.60
0.20
0.20
0.20
0.00
0.20
9.80
2.40
0.00
0.00
0.00
0.20
0.20
0.20
0.00
8.60
15.20
0.00
0.20
0.00
1.40
0.40
0.00
0.00
0.00
0.00
0.00
2.00
3.20
0.00
0.00
0.00
0.20
0.60
0.00
0.20
0.00
8.20
0.80
0.00
0.00
9.40
2.80
0.00
0.00
0.00
0.00
0.00
3.00
5.80
0.80
21.20
2.20
0.00
1.40
0.40
0.00
0.60
0.20
0.20
4.40
0.00
0.00
1.80
5.20
0.20
0.00
0.00
0.00
0.00
8.80
2.00
3.40
5.20
1.60
0.20
0.00
0.00
0.00
0.00
0.20
0.20
8.00
4.60
0.00
0.20
1.80
0.40
0.00
0.00
0.00
3.20
0.40
0.00
0.00
0.00
0.00
0.00
0.00
6.60
0.00
0.00
0.00
0.00
12.60
0.80
2.20
0.00
0.00
0.00
0.60
0.00
0.20
0.00
0.00
0.60
0.20
0.00
0.00
0.00
0.00
0.00
0.00
1.80
1.60
71.40
1.60
0.00
0.00
0.40
0.00
0.60
0.60
1.00
15.00
1.40
0.00
0.00
0.00
0.00
0.00
0.00
0.00
0.00
0.00
0.00
0.00
0.00
0.00
0.20
1.20
0.20
0.00
0.00
0.00
0.00
0.00
0.00
0.20
26.70
0.00
0.00
40.40
1.00
2.60
0.00
0.40
4.40
0.20
3.60
0.00
0.20
0.00
0.00
0.00
0.00
0.20
0.00
0.00
0.00
0.00
1.40
0.00
0.00
0.00
0.00
0.00
0.80
0.00
0.00
0.00
0.00
0.00
0.00
0.00
0.00
0.00
0.00
0.00
0.00
0.00
0.00
0.00
0.00
0.00
1.20
1.10
0.00
0.00
0.00
0.00
0.00
0.00
0.00
0.00
1.50
11.20
0.00
0.00
0.00
0.00
0.00
0.00
0.00
0.00
0.00
0.00
0.50
0.00
0.00
0.00
0.00
0.00
9.50
0.00
0.00
0.00
0.00
0.00
0.00
0.00
0.00
0.00
0.00
0.00
0.00
0.30
0.20
0.00
0.10
0.00
4.90
3.20
0.00
0.00
0.00
0.10
0.00
0.00
0.00
0.00
0.10
42.50
0.10
0.00
58.90
0.50
0.00
0.70
0.80
0.00
0.00
0.00
0.00
0.00
0.00
0.00
0.00
0.10
0.50
0.00
0.00
0.00
0.00
25.60
7.00
11.10
43.70
3.40
0.10
0.20
0.10
0.10
0.00
0.00
0.00
0.10
0.00
0.00
0.10
0.00
0.00
0.00
0.00
0.00
0.00
0.70
0.00
0.00
0.20
0.10
0.30
0.20
0.00
3.90
0.10
0.00
0.00
0.00
0.10
0.90
3.70
0.00
0.00
0.00
0.00
3.70
0.10
0.00
0.00
0.20
0.10
0.00
0.10
0.00
0.50
2.50
0.20
0.10
0.00
0.00
0.50
0.20
3.90
2.00
0.20
0.10
0.00
0.00
0.00
0.00
0.00
0.00
0.00
0.20
1.40
0.10
10.40
2.50
0.40
0.00
0.00
0.00
0.00
0.00
0.00
0.00
0.10
0.20
0.10
0.10
0.10
2.10
0.10
0.10
0.00
0.30
0.20
0.00
0.00
0.20
0.00
0.00
0.00
0.00
0.00
0.00
0.00
0.00
0.00
0.00
0.00
0.00
0.00
5.20
9.80
4.40
0.00
0.10
0.00
0.00
0.00
0.00
0.00
0.00
0.00
0.00
0.00
0.00
0.00
0.00
0.10
2.30
2.70
0.20
5.20
0.10
2.30
0.00
0.10
0.00
0.00
0.00
0.10
0.00
0.00
4.80
0.00
0.00
19.40
32.00
0.00
0.30
0.20
0.00
0.30
0.20
8.80
101.40
0.20
3.30
29.70
2.10
0.00
0.00
0.00
0.10
0.00
8.80
0.00
0.00
0.00
0.00
0.50
0.00
0.00
1.20
0.10
0.00
0.00
0.00
0.00
0.00
0.00
0.00
0.00
0.00
0.00
0.00
0.00
0.00
0.00
0.80
0.00
0.00
0.00
0.00
0.00
0.50
12.20
20.20
1.70
0.90
0.20
0.10
1.40
2.50
0.00
0.00
0.00
0.00
0.00
0.00
0.00
26.30
0.00
0.10
0.00
0.00
0.00
0.00
7.80
0.00
0.00
0.00
0.00
0.00
0.00
0.00
0.00
0.00
0.00
0.00
0.40
0.00
0.00
1.30
6.20
0.30
0.00
2.50
9.50
11.80
0.10
0.00
7.10
0.00
0.00
5.30
0.00
0.00
9.10
0.00
0.00
0.00
0.00
0.00
0.00
0.00
0.00
0.20
0.00
0.00
0.10
0.00
0.00
0.70
0.10
0.00
0.00
0.00
1.30
0.60
0.00
0.00
0.00
0.00
0.00
0.00
0.00
1.20
0.00
0.00
0.00
0.00
0.00
0.00
0.60
0.00
0.00
1.00
0.00
0.00
0.00
0.00
0.00
0.00
0.10
0.00
0.00
0.00
0.00
0.00
0.00
0.00
0.00
0.00
0.00
0.00
0.00
0.00
0.00
0.30
0.00
0.00
0.00
0.00
0.00
0.00
0.00
0.00
0.00
0.00
0.00
0.00
0.00
0.00
0.00
0.00
0.00
0.00
0.00
0.40
0.00
0.00
0.00
0.00
0.00
0.00
0.00
0.00
0.00
0.00
0.00
0.00
0.00
0.00
0.00
0.00
0.00
0.00
0.10
0.00
0.00
1.10
0.10
0.00
0.00
0.00
0.00
0.00
0.10
0.00
0.00
0.00
0.00
0.00
0.00
0.00
0.00
0.00
0.00
0.00
0.00
0.20
0.00
0.00
0.00
0.00
0.00
0.00
0.00
0.00
2.50
7.70
0.10
0.20
20.30
8.30
0.30
0.10
0.10
0.20
9.00
31.80
29.40
0.80
3.50
12.40
0.00
0.20
0.10
0.20
0.00
6.10
0.00
110.80
-99.00
0.70
0.10
3.70
6.40
0.80
6.00
0.10
0.20
0.10
0.10
0.00
0.10
0.30
0.20
0.20
0.10
1.90
0.00
0.00
0.00
0.00
0.00
0.00
0.00
0.30
0.00
0.00
0.00
0.00
0.00
0.00
0.00
0.00
0.00
0.00
0.10
0.10
0.00
0.00
0.00
0.00
0.10
0.00
0.00
0.00
0.00
0.00
0.00
0.00
0.00
0.00
0.10
0.20
0.10
0.20
0.00
0.00
0.00
0.00
0.00
0.10
0.20
0.30
0.10
0.00
0.10
0.10
0.10
0.10
0.40
0.10
3.20
0.10
0.00
0.00
0.00
1.90
0.60
0.00
0.00
1.70
0.00
0.00
0.00
0.00
0.00
0.00
0.00
0.00
0.00
0.00
0.00
0.00
0.20
0.10
0.00
0.00
0.00
0.00
0.00
0.00
0.00
0.00
0.10
0.10
0.00
0.00
0.80
0.40
0.00
0.00
0.00
0.00
0.00
0.00
0.00
0.00
0.00
0.00
0.00
0.00
0.00
0.00
0.00
12.20
108.80
0.50
0.10
0.00
0.00
0.00
0.00
0.00
0.00
0.00
0.00
0.00
0.00
21.00
5.70
8.50
18.00
0.10
0.00
0.00
4.50
0.00
2.10
0.00
2.20
0.80
0.00
0.00
0.40
3.00
0.00
0.90
0.30
0.10
0.00
0.00
0.00
0.00
13.30
6.60
9.30
0.10
0.00
0.00
1.80
2.60
0.00
0.40
0.10
0.00
0.00
0.00
0.10
0.00
0.00
0.00
0.00
0.40
0.10
4.00
8.50
0.00
0.00
0.00
0.00
0.00
0.00
0.00
0.00
0.60
0.10
0.00
0.00
0.00
3.00
0.00
0.00
0.00
0.00
0.00
0.00
0.00
0.00
0.00
0.00
0.00
0.00
0.00
0.00
0.90
11.50
0.10
0.00
0.00
0.00
0.00
0.00
0.00
0.00
0.00
0.00
0.00
46.50
0.00
0.00
0.00
9.70
0.00
0.00
0.00
0.00
0.00
0.10
1.40
0.00
0.00
0.00
0.00
0.00
0.00
0.00
0.00
0.00
0.00
0.00
0.00
0.00
0.00
0.00
0.00
0.00
0.00
0.00
0.00
0.00
0.00
0.00
0.00
0.00
0.00
0.00
0.00
0.00
0.00
0.00
0.00
0.00
0.00
0.00
0.00
0.00
0.00
0.00
0.00
0.00
0.00
0.00
0.00
0.00
0.00
0.00
0.00
2.50
0.00
0.00
0.00
0.00
0.00
0.00
0.00
0.00
0.50
7.10
0.10
1.00
0.20
0.00
0.00
0.00
0.00
0.00
0.00
0.70
0.00
0.10
0.00
0.00
0.00
0.00
1.30
0.20
3.60
25.70
0.20
0.00
0.00
0.00
0.10
0.00
0.00
0.00
0.00
0.00
4.40
17.70
0.10
0.00
4.70
0.00
0.00
0.00
0.10
10.50
33.80
67.70
0.10
0.10
0.40
77.60
6.90
0.00
0.00
0.00
7.70
16.60
0.00
0.00
0.60
7.20
0.00
0.00
0.10
0.00
14.20
0.10
0.10
0.10
0.50
0.00
0.10
0.20
9.60
6.60
0.10
0.10
0.00
0.00
0.20
0.00
0.00
0.10
3.90
0.00
0.00
0.00
0.10
0.00
0.00
0.00
0.00
0.00
0.00
0.00
0.20
0.00
0.20
0.50
0.10
1.50
0.40
0.00
0.00
0.00
0.00
0.00
0.00
0.00
0.10
0.00
0.00
0.00
0.00
0.00
0.10
0.00
0.20
0.10
0.00
0.00
0.00
0.00
0.00
0.00
0.00
0.00
0.00
0.00
2.40
3.30
0.10
1.00
0.10
0.00
2.40
23.10
3.10
0.10
1.20
0.00
2.60
0.00
1.20
2.20
0.00
0.00
0.00
0.00
-99.00
-99.00
-99.00
-99.00
-99.00
-99.00
-99.00
-99.00
-99.00
-99.00
-99.00
-99.00
-99.00
-99.00
-99.00
-99.00
-99.00
-99.00
-99.00
-99.00
-99.00
-99.00
-99.00
-99.00
-99.00
-99.00
-99.00
-99.00
-99.00
-99.00
-99.00
-99.00
-99.00
-99.00
-99.00
-99.00
-99.00
-99.00
-99.00
-99.00
-99.00
-99.00
-99.00
-99.00
-99.00
-99.00
-99.00
-99.00
-99.00
-99.00
-99.00
-99.00
-99.00
-99.00
-99.00
-99.00
-99.00
-99.00
-99.00
-99.00
-99.00
-99.00
-99.00
-99.00
-99.00
-99.00
-99.00
-99.00
-99.00
-99.00
-99.00
-99.00
-99.00
-99.00
-99.00
-99.00
-99.00
-99.00
-99.00
-99.00
-99.00
-99.00
-99.00
-99.00
-99.00
-99.00
-99.00
-99.00
-99.00
-99.00
-99.00
-99.00
-99.00
-99.00
-99.00
-99.00
-99.00
-99.00
-99.00
-99.00
-99.00
-99.00
-99.00
-99.00
-99.00
-99.00
-99.00
-99.00
-99.00
-99.00
-99.00
-99.00
-99.00
-99.00
-99.00
-99.00
-99.00
-99.00
-99.00
-99.00
-99.00
-99.00
-99.00
-99.00
-99.00
-99.00
-99.00
-99.00
-99.00
-99.00
-99.00
-99.00
-99.00
-99.00
-99.00
-99.00
-99.00
-99.00
-99.00
-99.00
-99.00
-99.00
-99.00
-99.00
-99.00
-99.00
-99.00
-99.00
-99.00
-99.00
-99.00
-99.00
-99.00
-99.00
-99.00
-99.00
-99.00
-99.00
-99.00
-99.00
-99.00
-99.00
-99.00
-99.00
-99.00
-99.00
-99.00
-99.00
-99.00
-99.00
-99.00
-99.00
-99.00
-99.00
-99.00
-99.00
-99.00
-99.00
-99.00
-99.00
-99.00
-99.00
-99.00
-99.00
-99.00
-99.00
-99.00
-99.00
-99.00
-99.00
-99.00
-99.00
-99.00
-99.00
-99.00
-99.00
-99.00
-99.00
-99.00
-99.00
-99.00
-99.00
-99.00
-99.00
-99.00
-99.00
-99.00
-99.00
-99.00
-99.00
-99.00
-99.00
-99.00
-99.00
-99.00
-99.00
-99.00
-99.00
-99.00
-99.00
-99.00
-99.00
-99.00
-99.00
-99.00
-99.00
-99.00
-99.00
-99.00
-99.00
-99.00
-99.00
-99.00
-99.00
-99.00
-99.00
-99.00
-99.00
-99.00
-99.00
-99.00
-99.00
-99.00
-99.00
-99.00
-99.00
-99.00
-99.00
-99.00
-99.00
-99.00
-99.00
-99.00
-99.00
-99.00
-99.00
-99.00
-99.00
-99.00
-99.00
-99.00
-99.00
-99.00
-99.00
-99.00
-99.00
-99.00
-99.00
-99.00
-99.00
-99.00
-99.00
-99.00
-99.00
-99.00
-99.00
-99.00
-99.00
-99.00
-99.00
-99.00
-99.00
-99.00
-99.00
-99.00
-99.00
-99.00
-99.00
-99.00
-99.00
-99.00
-99.00
-99.00
-99.00
-99.00
-99.00
-99.00
-99.00
-99.00
-99.00
-99.00
-99.00
-99.00
-99.00
-99.00
-99.00
-99.00
-99.00
-99.00
-99.00
-99.00
-99.00
-99.00
-99.00
-99.00
-99.00
-99.00
-99.00
-99.00
-99.00
-99.00
-99.00
-99.00
-99.00
-99.00
-99.00
-99.00
-99.00
-99.00
-99.00
-99.00
-99.00
-99.00
-99.00
-99.00
-99.00
-99.00
-99.00
-99.00
-99.00
-99.00
-99.00
-99.00
-99.00
-99.00
-99.00
-99.00
-99.00
-99.00
-99.00
-99.00
-99.00
-99.00
-99.00
-99.00
-99.00
-99.00
-99.00
-99.00
-99.00
-99.00
-99.00
-99.00
-99.00
-99.00
-99.00
-99.00
-99.00
-99.00
-99.00
-99.00
-99.00
-99.00
-99.00
-99.00
-99.00
-99.00
-99.00
-99.00
-99.00
-99.00
-99.00
-99.00
-99.00
-99.00
-99.00
-99.00
-99.00
-99.00
-99.00
-99.00
-99.00
-99.00
-99.00
-99.00
-99.00
-99.00
-99.00
-99.00
-99.00
-99.00
-99.00
-99.00
-99.00
-99.00
-99.00
-99.00
-99.00
-99.00
-99.00
-99.00
-99.00
-99.00
-99.00
-99.00
-99.00
-99.00
-99.00
-99.00
-99.00
-99.00
-99.00
-99.00
-99.00
-99.00
-99.00
-99.00
-99.00
-99.00
-99.00
-99.00
-99.00
-99.00
-99.00
-99.00
-99.00
-99.00
-99.00
-99.00
-99.00
-99.00
-99.00
-99.00
-99.00
-99.00
-99.00
-99.00
-99.00
-99.00
-99.00
-99.00
-99.00
-99.00
-99.00
-99.00
-99.00
-99.00
-99.00
-99.00
-99.00
-99.00
-99.00
-99.00
-99.00
-99.00
-99.00
-99.00
-99.00
-99.00
-99.00
-99.00
-99.00
-99.00
-99.00
-99.00
-99.00
-99.00
-99.00
-99.00
-99.00
-99.00
-99.00
-99.00
-99.00
-99.00
-99.00
-99.00
-99.00
-99.00
-99.00
-99.00
-99.00
-99.00
-99.00
-99.00
-99.00
-99.00
-99.00
-99.00
-99.00
-99.00
-99.00
-99.00
-99.00
-99.00
-99.00
-99.00
-99.00
-99.00
-99.00
-99.00
-99.00
-99.00
-99.00
-99.00
-99.00
-99.00
-99.00
-99.00
-99.00
-99.00
-99.00
-99.00
-99.00
-99.00
-99.00
-99.00
-99.00
-99.00
-99.00
-99.00
-99.00
-99.00
-99.00
-99.00
-99.00
-99.00
-99.00
-99.00
-99.00
-99.00
-99.00
-99.00
-99.00
-99.00
-99.00
-99.00
-99.00
-99.00
-99.00
-99.00
-99.00
-99.00
-99.00
-99.00
-99.00
-99.00
-99.00
-99.00
-99.00
-99.00
-99.00
-99.00
-99.00
-99.00
-99.00
-99.00
-99.00
-99.00
-99.00
-99.00
-99.00
-99.00
-99.00
-99.00
-99.00
-99.00
-99.00
-99.00
-99.00
-99.00
-99.00
-99.00
-99.00
-99.00
-99.00
-99.00
-99.00
-99.00
-99.00
-99.00
-99.00
-99.00
-99.00
-99.00
-99.00
-99.00
-99.00
-99.00
-99.00
-99.00
-99.00
-99.00
-99.00
-99.00
-99.00
-99.00
-99.00
-99.00
-99.00
-99.00
-99.00
-99.00
-99.00
-99.00
-99.00
-99.00
-99.00
-99.00
-99.00
-99.00
-99.00
-99.00
-99.00
-99.00
-99.00
-99.00
-99.00
-99.00
-99.00
-99.00
-99.00
-99.00
-99.00
-99.00
-99.00
-99.00
-99.00
-99.00
-99.00
-99.00
-99.00
-99.00
-99.00
-99.00
-99.00
-99.00
-99.00
-99.00
-99.00
-99.00
-99.00
-99.00
-99.00
-99.00
-99.00
-99.00
-99.00
-99.00
-99.00
-99.00
-99.00
-99.00
-99.00
-99.00
-99.00
-99.00
-99.00
-99.00
-99.00
-99.00
-99.00
-99.00
-99.00
-99.00
-99.00
-99.00
-99.00
-99.00
-99.00
-99.00
-99.00
-99.00
-99.00
-99.00
-99.00
-99.00
-99.00
-99.00
-99.00
-99.00
-99.00
-99.00
-99.00
-99.00
-99.00
-99.00
-99.00
-99.00
-99.00
-99.00
-99.00
-99.00
-99.00
-99.00
-99.00
-99.00
-99.00
-99.00
-99.00
-99.00
-99.00
-99.00
-99.00
-99.00
-99.00
-99.00
-99.00
-99.00
-99.00
-99.00
-99.00
-99.00
-99.00
-99.00
-99.00
-99.00
-99.00
-99.00
-99.00
-99.00
-99.00
-99.00
-99.00
-99.00
-99.00
-99.00
-99.00
-99.00
-99.00
-99.00
-99.00
-99.00
-99.00
-99.00
-99.00
-99.00
-99.00
-99.00
-99.00
-99.00
-99.00
-99.00
-99.00
-99.00
-99.00
-99.00
-99.00
-99.00
-99.00
-99.00
-99.00
-99.00
-99.00
-99.00
-99.00
-99.00
-99.00
-99.00
-99.00
-99.00
-99.00
-99.00
-99.00
-99.00
-99.00
-99.00
-99.00
-99.00
-99.00
-99.00
-99.00
-99.00
-99.00
-99.00
-99.00
-99.00
-99.00
-99.00
-99.00
-99.00
-99.00
-99.00
-99.00
-99.00
-99.00
-99.00
-99.00
-99.00
-99.00
-99.00
-99.00
-99.00
-99.00
-99.00
-99.00
-99.00
-99.00
-99.00
-99.00
-99.00
-99.00
-99.00
-99.00
-99.00
-99.00
-99.00
-99.00
-99.00
-99.00
-99.00
-99.00
-99.00
-99.00
-99.00
-99.00
-99.00
-99.00
-99.00
-99.00
-99.00
-99.00
-99.00
-99.00
-99.00
-99.00
-99.00
-99.00
-99.00
-99.00
-99.00
-99.00
-99.00
-99.00
-99.00
-99.00
-99.00
-99.00
-99.00
-99.00
-99.00
-99.00
-99.00
-99.00
-99.00
-99.00
-99.00
-99.00
-99.00
-99.00
-99.00
-99.00
-99.00
-99.00
-99.00
-99.00
-99.00
-99.00
-99.00
-99.00
-99.00
-99.00
-99.00
-99.00
-99.00
-99.00
-99.00
-99.00
-99.00
-99.00
-99.00
-99.00
-99.00
-99.00
-99.00
-99.00
-99.00
-99.00
-99.00
-99.00
-99.00
-99.00
-99.00
-99.00
-99.00
-99.00
-99.00
-99.00
-99.00
-99.00
-99.00
-99.00
-99.00
-99.00
-99.00
-99.00
-99.00
-99.00
-99.00
-99.00
-99.00
-99.00
-99.00
-99.00
-99.00
-99.00
-99.00
-99.00
-99.00
-99.00
-99.00
-99.00
-99.00
-99.00
-99.00
-99.00
-99.00
-99.00
-99.00
-99.00
-99.00
-99.00
-99.00
-99.00
-99.00
-99.00
-99.00
-99.00
-99.00
-99.00
-99.00
-99.00
-99.00
-99.00
-99.00
-99.00
-99.00
-99.00
-99.00
-99.00
-99.00
-99.00
-99.00
-99.00
-99.00
-99.00
-99.00
-99.00
-99.00
-99.00
-99.00
-99.00
-99.00
-99.00
-99.00
-99.00
-99.00
-99.00
-99.00
-99.00
-99.00
-99.00
-99.00
-99.00
-99.00
-99.00
-99.00
-99.00
-99.00
-99.00
-99.00
-99.00
-99.00
-99.00
-99.00
-99.00
-99.00
-99.00
-99.00
-99.00
-99.00
-99.00
-99.00
-99.00
-99.00
-99.00
-99.00
-99.00
-99.00
-99.00
-99.00
-99.00
-99.00
-99.00
-99.00
-99.00
-99.00
-99.00
-99.00
-99.00
-99.00
-99.00
-99.00
-99.00
-99.00
-99.00
-99.00
-99.00
-99.00
-99.00
-99.00
-99.00
-99.00
-99.00
-99.00
-99.00
-99.00
-99.00
-99.00
-99.00
-99.00
-99.00
-99.00
-99.00
-99.00
-99.00
-99.00
-99.00
-99.00
-99.00
-99.00
-99.00
-99.00
-99.00
-99.00
-99.00
-99.00
-99.00
-99.00
-99.00
-99.00
-99.00
-99.00
-99.00
-99.00
-99.00
-99.00
-99.00
-99.00
-99.00
-99.00
-99.00
-99.00
-99.00
-99.00
-99.00
-99.00
-99.00
-99.00
-99.00
-99.00
-99.00
-99.00
-99.00
-99.00
-99.00
-99.00
-99.00
-99.00
-99.00
-99.00
-99.00
-99.00
-99.00
-99.00
-99.00
-99.00
-99.00
-99.00
-99.00
-99.00
-99.00
-99.00
-99.00
-99.00
-99.00
-99.00
-99.00
-99.00
-99.00
-99.00
-99.00
-99.00
-99.00
-99.00
-99.00
-99.00
-99.00
-99.00
-99.00
-99.00
-99.00
-99.00
-99.00
-99.00
-99.00
-99.00
-99.00
-99.00
-99.00
-99.00
-99.00
-99.00
-99.00
-99.00
-99.00
-99.00
-99.00
-99.00
-99.00
-99.00
-99.00
-99.00
-99.00
-99.00
-99.00
-99.00
-99.00
-99.00
-99.00
-99.00
-99.00
-99.00
-99.00
-99.00
-99.00
-99.00
-99.00
-99.00
-99.00
-99.00
-99.00
-99.00
-99.00
-99.00
-99.00
-99.00
-99.00
-99.00
-99.00
-99.00
-99.00
-99.00
-99.00
-99.00
-99.00
-99.00
-99.00
-99.00
-99.00
-99.00
-99.00
-99.00
-99.00
-99.00
-99.00
-99.00
-99.00
-99.00
-99.00
-99.00
-99.00
-99.00
-99.00
-99.00
-99.00
-99.00
-99.00
-99.00
-99.00
-99.00
-99.00
-99.00
-99.00
-99.00
-99.00
-99.00
-99.00
-99.00
-99.00
-99.00
-99.00
-99.00
-99.00
-99.00
-99.00
-99.00
-99.00
-99.00
-99.00
-99.00
-99.00
-99.00
-99.00
-99.00
-99.00
-99.00
-99.00
-99.00
-99.00
-99.00
-99.00
-99.00
-99.00
-99.00
-99.00
-99.00
-99.00
-99.00
-99.00
-99.00
-99.00
-99.00
-99.00
-99.00
-99.00
-99.00
-99.00
-99.00
-99.00
-99.00
-99.00
-99.00
-99.00
-99.00
-99.00
-99.00
-99.00
-99.00
-99.00
-99.00
-99.00
-99.00
-99.00
-99.00
-99.00
-99.00
-99.00
-99.00
-99.00
-99.00
-99.00
-99.00
-99.00
-99.00
-99.00
-99.00
-99.00
-99.00
-99.00
-99.00
-99.00
-99.00
-99.00
-99.00
-99.00
-99.00
-99.00
-99.00
-99.00
-99.00
-99.00
-99.00
-99.00
-99.00
-99.00
-99.00
-99.00
-99.00
-99.00
-99.00
-99.00
-99.00
-99.00
-99.00
-99.00
-99.00
-99.00
-99.00
-99.00
-99.00
-99.00
-99.00
-99.00
-99.00
-99.00
-99.00
-99.00
-99.00
-99.00
-99.00
-99.00
-99.00
-99.00
-99.00
-99.00
-99.00
-99.00
-99.00
-99.00
-99.00
-99.00
-99.00
-99.00
-99.00
-99.00
-99.00
-99.00
-99.00
-99.00
-99.00
-99.00
-99.00
-99.00
-99.00
-99.00
-99.00
-99.00
-99.00
-99.00
-99.00
-99.00
-99.00
-99.00
-99.00
-99.00
-99.00
-99.00
-99.00
-99.00
-99.00
-99.00
-99.00
-99.00
-99.00
-99.00
-99.00
-99.00
-99.00
-99.00
-99.00
-99.00
-99.00
-99.00
-99.00
-99.00
-99.00
-99.00
-99.00
-99.00
-99.00
-99.00
-99.00
-99.00
-99.00
-99.00
-99.00
-99.00
-99.00
-99.00
-99.00
-99.00
-99.00
-99.00
-99.00
-99.00
-99.00
-99.00
-99.00
-99.00
-99.00
-99.00
-99.00
-99.00
-99.00
-99.00
-99.00
-99.00
-99.00
-99.00
-99.00
-99.00
-99.00
-99.00
-99.00
-99.00
-99.00
-99.00
-99.00
-99.00
-99.00
-99.00
-99.00
-99.00
-99.00
-99.00
-99.00
-99.00
-99.00
-99.00
-99.00
-99.00
-99.00
-99.00
-99.00
-99.00
-99.00
-99.00
-99.00
-99.00
-99.00
-99.00
-99.00
-99.00
-99.00
-99.00
-99.00
-99.00
-99.00
-99.00
-99.00
-99.00
-99.00
-99.00
-99.00
-99.00
-99.00
-99.00
-99.00
-99.00
-99.00
-99.00
-99.00
-99.00
-99.00
-99.00
-99.00
-99.00
-99.00
-99.00
-99.00
-99.00
-99.00
-99.00
-99.00
-99.00
-99.00
-99.00
-99.00
-99.00
-99.00
-99.00
-99.00
-99.00
-99.00
-99.00
-99.00
-99.00
-99.00
-99.00
-99.00
-99.00
-99.00
-99.00
-99.00
-99.00
-99.00
-99.00
-99.00
-99.00
-99.00
-99.00
-99.00
-99.00
-99.00
-99.00
-99.00
-99.00
-99.00
-99.00
-99.00
-99.00
-99.00
-99.00
-99.00
-99.00
-99.00
-99.00
-99.00
-99.00
-99.00
-99.00
-99.00
-99.00
-99.00
-99.00
-99.00
-99.00
-99.00
-99.00
-99.00
-99.00
-99.00
-99.00
-99.00
-99.00
-99.00
-99.00
-99.00
-99.00
-99.00
-99.00
-99.00
-99.00
-99.00
-99.00
-99.00
-99.00
-99.00
-99.00
-99.00
-99.00
-99.00
-99.00
-99.00
-99.00
-99.00
-99.00
-99.00
-99.00
-99.00
-99.00
-99.00
-99.00
-99.00
-99.00
-99.00
-99.00
-99.00
-99.00
-99.00
-99.00
-99.00
-99.00
-99.00
-99.00
-99.00
-99.00
-99.00
-99.00
-99.00
-99.00
-99.00
-99.00
-99.00
-99.00
-99.00
-99.00
-99.00
-99.00
-99.00
-99.00
-99.00
-99.00
-99.00
-99.00
-99.00
-99.00
-99.00
-99.00
-99.00
-99.00
-99.00
-99.00
-99.00
-99.00
-99.00
-99.00
-99.00
-99.00
-99.00
-99.00
-99.00
-99.00
-99.00
-99.00
-99.00
-99.00
-99.00
-99.00
-99.00
-99.00
-99.00
-99.00
-99.00
-99.00
-99.00
-99.00
-99.00
-99.00
-99.00
-99.00
-99.00
-99.00
-99.00
-99.00
-99.00
-99.00
-99.00
-99.00
-99.00
-99.00
-99.00
-99.00
-99.00
-99.00
-99.00
-99.00
-99.00
-99.00
-99.00
-99.00
-99.00
-99.00
-99.00
-99.00
-99.00
-99.00
-99.00
-99.00
-99.00
-99.00
-99.00
-99.00
-99.00
-99.00
-99.00
-99.00
-99.00
-99.00
-99.00
-99.00
-99.00
-99.00
-99.00
-99.00
-99.00
-99.00
-99.00
-99.00
-99.00
-99.00
-99.00
-99.00
-99.00
-99.00
-99.00
-99.00
-99.00
-99.00
-99.00
-99.00
-99.00
-99.00
-99.00
-99.00
-99.00
-99.00
-99.00
-99.00
-99.00
-99.00
-99.00
-99.00
-99.00
-99.00
-99.00
-99.00
-99.00
-99.00
-99.00
-99.00
-99.00
-99.00
-99.00
-99.00
-99.00
-99.00
-99.00
-99.00
-99.00
-99.00
-99.00
-99.00
-99.00
-99.00
-99.00
-99.00
-99.00
-99.00
-99.00
-99.00
-99.00
-99.00
-99.00
-99.00
-99.00
-99.00
-99.00
-99.00
-99.00
-99.00
-99.00
-99.00
-99.00
-99.00
-99.00
-99.00
-99.00
-99.00
-99.00
-99.00
-99.00
-99.00
-99.00
-99.00
-99.00
-99.00
-99.00
-99.00
-99.00
-99.00
-99.00
-99.00
-99.00
-99.00
-99.00
-99.00
-99.00
-99.00
-99.00
-99.00
-99.00
-99.00
-99.00
-99.00
-99.00
-99.00
-99.00
-99.00
-99.00
-99.00
-99.00
-99.00
-99.00
-99.00
-99.00
-99.00
-99.00
-99.00
-99.00
-99.00
-99.00
-99.00
-99.00
-99.00
-99.00
-99.00
-99.00
-99.00
-99.00
-99.00
-99.00
-99.00
-99.00
-99.00
-99.00
-99.00
-99.00
-99.00
-99.00
-99.00
-99.00
-99.00
-99.00
-99.00
-99.00
-99.00
-99.00
-99.00
-99.00
-99.00
-99.00
-99.00
-99.00
-99.00
-99.00
-99.00
-99.00
-99.00
-99.00
-99.00
-99.00
-99.00
-99.00
-99.00
-99.00
-99.00
-99.00
-99.00
-99.00
-99.00
-99.00
-99.00
-99.00
-99.00
-99.00
-99.00
-99.00
-99.00
-99.00
-99.00
-99.00
-99.00
-99.00
-99.00
-99.00
-99.00
-99.00
-99.00
-99.00
-99.00
-99.00
-99.00
-99.00
-99.00
-99.00
-99.00
-99.00
-99.00
-99.00
-99.00
-99.00
-99.00
-99.00
-99.00
-99.00
-99.00
-99.00
-99.00
-99.00
-99.00
-99.00
-99.00
-99.00
-99.00
-99.00
-99.00
-99.00
-99.00
-99.00
-99.00
-99.00
-99.00
-99.00
-99.00
-99.00
-99.00
-99.00
-99.00
-99.00
-99.00
-99.00
-99.00
-99.00
-99.00
-99.00
-99.00
-99.00
-99.00
-99.00
-99.00
-99.00
-99.00
-99.00
-99.00
-99.00
-99.00
-99.00
-99.00
-99.00
-99.00
-99.00
-99.00
-99.00
-99.00
-99.00
-99.00
-99.00
-99.00
-99.00
-99.00
-99.00
-99.00
-99.00
-99.00
-99.00
-99.00
-99.00
-99.00
-99.00
-99.00
-99.00
-99.00
-99.00
-99.00
-99.00
-99.00
-99.00
-99.00
-99.00
-99.00
-99.00
-99.00
-99.00
-99.00
-99.00
-99.00
-99.00
-99.00
-99.00
-99.00
-99.00
-99.00
-99.00
-99.00
-99.00
-99.00
-99.00
-99.00
-99.00
-99.00
-99.00
-99.00
-99.00
-99.00
-99.00
-99.00
-99.00
-99.00
-99.00
-99.00
-99.00
-99.00
-99.00
-99.00
-99.00
-99.00
-99.00
-99.00
-99.00
-99.00
-99.00
-99.00
-99.00
-99.00
-99.00
-99.00
-99.00
-99.00
-99.00
-99.00
-99.00
-99.00
-99.00
-99.00
-99.00
-99.00
-99.00
-99.00
-99.00
-99.00
-99.00
-99.00
-99.00
-99.00
-99.00
-99.00
-99.00
-99.00
-99.00
-99.00
-99.00
-99.00
-99.00
-99.00
-99.00
-99.00
-99.00
-99.00
-99.00
-99.00
-99.00
-99.00
-99.00
-99.00
-99.00
-99.00
-99.00
-99.00
-99.00
-99.00
-99.00
-99.00
-99.00
-99.00
-99.00
-99.00
-99.00
-99.00
-99.00
-99.00
-99.00
-99.00
-99.00
-99.00
-99.00
-99.00
-99.00
-99.00
-99.00
-99.00
-99.00
-99.00
-99.00
-99.00
-99.00
-99.00
-99.00
-99.00
-99.00
-99.00
-99.00
-99.00
-99.00
-99.00
-99.00
-99.00
-99.00
-99.00
-99.00
-99.00
-99.00
-99.00
-99.00
-99.00
-99.00
-99.00
-99.00
-99.00
-99.00
-99.00
-99.00
-99.00
-99.00
-99.00
-99.00
-99.00
-99.00
-99.00
-99.00
-99.00
-99.00
-99.00
-99.00
-99.00
-99.00
-99.00
-99.00
-99.00
-99.00
-99.00
-99.00
-99.00
-99.00
-99.00
-99.00
-99.00
-99.00
-99.00
-99.00
-99.00
-99.00
-99.00
-99.00
-99.00
-99.00
-99.00
-99.00
-99.00
-99.00
-99.00
-99.00
-99.00
-99.00
-99.00
-99.00
-99.00
-99.00
-99.00
-99.00
-99.00
-99.00
-99.00
-99.00
-99.00
-99.00
-99.00
-99.00
-99.00
-99.00
-99.00
-99.00
-99.00
-99.00
-99.00
-99.00
-99.00
-99.00
-99.00
-99.00
-99.00
-99.00
-99.00
-99.00
-99.00
-99.00
-99.00
-99.00
-99.00
-99.00
-99.00
-99.00
-99.00
-99.00
-99.00
-99.00
-99.00
-99.00
-99.00
-99.00
-99.00
-99.00
-99.00
-99.00
-99.00
-99.00
-99.00
-99.00
-99.00
-99.00
-99.00
-99.00
-99.00
-99.00
-99.00
-99.00
-99.00
-99.00
-99.00
-99.00
-99.00
-99.00
-99.00
-99.00
-99.00
-99.00
-99.00
-99.00
-99.00
-99.00
-99.00
-99.00
-99.00
-99.00
-99.00
-99.00
-99.00
-99.00
-99.00
-99.00
-99.00
-99.00
-99.00
-99.00
-99.00
-99.00
-99.00
-99.00
-99.00
-99.00
-99.00
-99.00
-99.00
-99.00
-99.00
-99.00
-99.00
-99.00
-99.00
-99.00
-99.00
-99.00
-99.00
-99.00
-99.00
-99.00
-99.00
-99.00
-99.00
-99.00
-99.00
-99.00
-99.00
-99.00
-99.00
-99.00
-99.00
-99.00
-99.00
-99.00
-99.00
-99.00
-99.00
-99.00
-99.00
-99.00
-99.00
-99.00
-99.00
-99.00
-99.00
-99.00
-99.00
-99.00
-99.00
-99.00
-99.00
-99.00
-99.00
-99.00
-99.00
-99.00
-99.00
-99.00
-99.00
-99.00
-99.00
-99.00
-99.00
-99.00
-99.00
-99.00
-99.00
-99.00
-99.00
-99.00
-99.00
-99.00
-99.00
-99.00
-99.00
-99.00
-99.00
-99.00
-99.00
-99.00
-99.00
-99.00
-99.00
-99.00
-99.00
-99.00
-99.00
-99.00
-99.00
-99.00
-99.00
-99.00
-99.00
-99.00
-99.00
-99.00
-99.00
-99.00
-99.00
-99.00
-99.00
-99.00
-99.00
-99.00
-99.00
-99.00
-99.00
-99.00
-99.00
-99.00
-99.00
-99.00
-99.00
-99.00
-99.00
-99.00
-99.00
-99.00
-99.00
-99.00
-99.00
-99.00
-99.00
-99.00
-99.00
-99.00
-99.00
-99.00
-99.00
-99.00
-99.00
-99.00
-99.00
-99.00
-99.00
-99.00
-99.00
-99.00
-99.00
-99.00
-99.00
-99.00
-99.00
-99.00
-99.00
-99.00
-99.00
-99.00
-99.00
-99.00
-99.00
-99.00
-99.00
-99.00
-99.00
-99.00
-99.00
-99.00
-99.00
-99.00
-99.00
-99.00
-99.00
-99.00
-99.00
-99.00
-99.00
-99.00
-99.00
-99.00
-99.00
-99.00
-99.00
-99.00
-99.00
-99.00
-99.00
-99.00
-99.00
-99.00
-99.00
-99.00
-99.00
-99.00
-99.00
-99.00
-99.00
-99.00
-99.00
-99.00
-99.00
-99.00
-99.00
-99.00
-99.00
-99.00
-99.00
-99.00
-99.00
-99.00
-99.00
-99.00
-99.00
-99.00
-99.00
-99.00
-99.00
-99.00
-99.00
-99.00
-99.00
-99.00
-99.00
-99.00
-99.00
-99.00
-99.00
-99.00
-99.00
-99.00
-99.00
-99.00
-99.00
-99.00
-99.00
-99.00
-99.00
-99.00
-99.00
-99.00
-99.00
-99.00
-99.00
-99.00
-99.00
-99.00
-99.00
-99.00
-99.00
-99.00
-99.00
-99.00
-99.00
-99.00
-99.00
-99.00
-99.00
-99.00
-99.00
-99.00
-99.00
-99.00
-99.00
-99.00
-99.00
-99.00
-99.00
-99.00
-99.00
-99.00
-99.00
-99.00
-99.00
-99.00
-99.00
-99.00
-99.00
-99.00
-99.00
-99.00
-99.00
-99.00
-99.00
-99.00
-99.00
-99.00
-99.00
-99.00
-99.00
-99.00
-99.00
-99.00
-99.00
-99.00
-99.00
-99.00
-99.00
-99.00
-99.00
-99.00
-99.00
-99.00
-99.00
-99.00
-99.00
-99.00
-99.00
-99.00
-99.00
-99.00
-99.00
-99.00
-99.00
-99.00
-99.00
-99.00
-99.00
-99.00
-99.00
-99.00
-99.00
-99.00
-99.00
-99.00
-99.00
-99.00
-99.00
-99.00
-99.00
-99.00
-99.00
-99.00
-99.00
-99.00
-99.00
-99.00
-99.00
-99.00
-99.00
-99.00
-99.00
-99.00
-99.00
-99.00
-99.00
-99.00
-99.00
-99.00
-99.00
-99.00
-99.00
-99.00
-99.00
-99.00
-99.00
-99.00
-99.00
-99.00
-99.00
-99.00
-99.00
-99.00
-99.00
-99.00
-99.00
-99.00
-99.00
-99.00
-99.00
-99.00
-99.00
-99.00
-99.00
-99.00
-99.00
-99.00
-99.00
-99.00
-99.00
-99.00
-99.00
-99.00
-99.00
-99.00
-99.00
-99.00
-99.00
-99.00
-99.00
-99.00
-99.00
-99.00
-99.00
-99.00
-99.00
-99.00
-99.00
-99.00
-99.00
-99.00
-99.00
-99.00
-99.00
-99.00
-99.00
-99.00
-99.00
-99.00
-99.00
-99.00
-99.00
-99.00
-99.00
-99.00
-99.00
-99.00
-99.00
-99.00
-99.00
-99.00
-99.00
-99.00
-99.00
-99.00
-99.00
-99.00
-99.00
-99.00
-99.00
-99.00
-99.00
-99.00
-99.00
-99.00
-99.00
-99.00
-99.00
-99.00
-99.00
-99.00
-99.00
-99.00
-99.00
-99.00
-99.00
-99.00
-99.00
-99.00
-99.00
-99.00
-99.00
-99.00
-99.00
-99.00
-99.00
-99.00
-99.00
-99.00
-99.00
-99.00
-99.00
-99.00
-99.00
-99.00
-99.00
-99.00
-99.00
-99.00
-99.00
-99.00
-99.00
-99.00
-99.00
-99.00
-99.00
-99.00
-99.00
-99.00
-99.00
-99.00
-99.00
-99.00
-99.00
-99.00
-99.00
-99.00
-99.00
-99.00
-99.00
-99.00
-99.00
-99.00
-99.00
-99.00
-99.00
-99.00
-99.00
-99.00
-99.00
-99.00
-99.00
-99.00
-99.00
-99.00
-99.00
-99.00
-99.00
-99.00
-99.00
-99.00
-99.00
-99.00
-99.00
-99.00
-99.00
-99.00
-99.00
-99.00
-99.00
-99.00
-99.00
-99.00
-99.00
-99.00
-99.00
-99.00
-99.00
-99.00
-99.00
-99.00
-99.00
-99.00
-99.00
-99.00
-99.00
-99.00
-99.00
-99.00
-99.00
-99.00
-99.00
-99.00
-99.00
-99.00
-99.00
-99.00
-99.00
-99.00
-99.00
-99.00
-99.00
-99.00
-99.00
-99.00
-99.00
-99.00
-99.00
-99.00
-99.00
-99.00
-99.00
-99.00
-99.00
-99.00
-99.00
-99.00
-99.00
-99.00
-99.00
-99.00
-99.00
-99.00
-99.00
-99.00
-99.00
-99.00
-99.00
-99.00
-99.00
-99.00
-99.00
-99.00
-99.00
-99.00
-99.00
-99.00
-99.00
-99.00
-99.00
-99.00
-99.00
-99.00
-99.00
-99.00
-99.00
-99.00
-99.00
-99.00
-99.00
-99.00
-99.00
-99.00
-99.00
-99.00
-99.00
-99.00
-99.00
-99.00
-99.00
-99.00
-99.00
-99.00
-99.00
-99.00
-99.00
-99.00
-99.00
-99.00
-99.00
-99.00
-99.00
-99.00
-99.00
-99.00
-99.00
-99.00
-99.00
-99.00
-99.00
-99.00
-99.00
-99.00
-99.00
-99.00
-99.00
-99.00
-99.00
-99.00
-99.00
-99.00
-99.00
-99.00
-99.00
-99.00
-99.00
-99.00
-99.00
-99.00
-99.00
-99.00
-99.00
-99.00
-99.00
-99.00
-99.00
-99.00
-99.00
-99.00
-99.00
-99.00
-99.00
-99.00
-99.00
-99.00
-99.00
-99.00
-99.00
-99.00
-99.00
-99.00
-99.00
-99.00
-99.00
-99.00
-99.00
-99.00
-99.00
-99.00
-99.00
-99.00
-99.00
-99.00
-99.00
-99.00
-99.00
-99.00
-99.00
-99.00
-99.00
-99.00
-99.00
-99.00
-99.00
-99.00
-99.00
-99.00
-99.00
-99.00
-99.00
-99.00
-99.00
-99.00
-99.00
-99.00
-99.00
-99.00
-99.00
-99.00
-99.00
-99.00
-99.00
-99.00
-99.00
-99.00
-99.00
-99.00
-99.00
-99.00
-99.00
-99.00
-99.00
-99.00
-99.00
-99.00
-99.00
-99.00
-99.00
-99.00
-99.00
-99.00
-99.00
-99.00
-99.00
-99.00
-99.00
-99.00
-99.00
-99.00
-99.00
-99.00
-99.00
-99.00
-99.00
-99.00
-99.00
-99.00
-99.00
-99.00
-99.00
-99.00
-99.00
-99.00
-99.00
-99.00
-99.00
-99.00
-99.00
