20000101
5.237280
5.603040
5.608800
5.598720
5.752800
5.991840
5.918400
3.886560
3.195360
5.758560
6.160320
6.300000
6.644160
6.117120
3.468960
7.087680
6.059520
7.449120
7.408800
7.276320
7.496640
8.130240
8.255520
7.506720
6.112800
5.679360
8.395200
6.094080
6.802560
6.056640
7.300800
7.483680
6.726240
7.145280
8.657280
8.815680
8.174880
7.660800
5.577120
9.548640
9.410400
8.665920
9.574560
5.532480
9.833760
9.815040
7.492320
5.706720
10.509120
11.125440
11.109600
10.363680
7.868160
9.191520
11.311200
11.000160
11.505600
11.636640
11.622240
6.351840
9.993600
12.811680
12.434400
9.440640
12.420000
11.193120
10.745280
12.801600
12.925440
13.311360
12.975840
12.211200
10.969920
13.540320
13.816800
14.145120
13.878720
13.294080
12.301920
7.499520
12.144960
10.828800
6.791040
9.175680
8.252640
10.169280
6.225120
9.426240
13.691520
8.919360
6.867360
11.115360
8.025120
12.119040
13.108320
10.540800
16.812000
16.290720
4.786560
7.051680
3.748320
11.083680
8.457120
11.868480
9.004320
17.641440
3.277440
16.060320
16.784640
15.688800
15.541920
14.459040
14.649120
13.612320
18.704160
18.633600
17.628480
6.732000
11.028960
12.408480
12.389760
15.886080
15.621120
16.087680
7.974720
11.394720
16.790400
12.319200
19.490400
12.386880
5.729760
15.246720
20.220480
20.121120
21.241440
16.583040
19.382400
12.137760
20.157120
21.234240
20.211840
13.986720
5.232960
21.489120
17.956800
12.041280
15.984000
18.581760
15.406560
13.779360
20.259360
19.386720
21.009600
17.694720
21.625920
20.396160
19.729440
17.913600
26.146080
25.596000
25.832160
3.458880
5.274720
16.596000
9.064800
10.592640
25.313760
25.812000
25.568640
26.504640
25.109280
25.205760
22.165920
19.562400
13.393440
21.934080
23.097600
23.184000
24.642720
20.309760
21.011040
13.304160
23.948640
23.885280
19.602720
22.769280
22.537440
23.244480
24.899040
23.169600
25.044480
11.247840
21.101760
25.182720
22.955040
11.872800
12.155040
24.331680
15.999840
15.140160
18.216000
18.021600
23.034240
22.243680
5.143680
20.494080
15.613920
21.540960
21.788640
18.308160
23.479200
22.996800
21.506400
19.028160
20.646720
12.564000
18.256320
17.352000
20.341440
22.518720
21.418560
20.816640
21.098880
18.493920
9.780480
18.257760
17.002080
19.699200
20.236320
19.715040
17.197920
20.593440
20.878560
14.315040
15.886080
19.193760
13.799520
17.131680
13.962240
17.376480
17.700480
17.664480
10.065600
18.758880
19.465920
17.494560
17.727840
19.497600
19.062720
18.571680
17.654400
17.137440
17.539200
17.779680
17.353440
13.847040
14.431680
16.571520
16.722720
15.298560
13.154400
14.957280
3.494880
14.132160
16.202880
16.447680
16.061760
14.885280
14.932800
14.675040
14.381280
10.558080
14.113440
15.436800
12.391200
14.559840
10.644480
13.716000
11.563200
14.437440
14.137920
14.457600
14.133600
8.938080
2.697120
3.987360
2.636640
13.914720
5.364000
9.280800
11.401920
11.871360
11.479680
9.203040
3.651840
3.788640
3.972960
8.282880
11.399040
6.876000
9.181440
11.602080
7.238880
7.243200
6.230880
10.051200
3.811680
9.135360
11.041920
6.338880
9.708480
7.976160
10.280160
9.770400
10.012320
8.069760
6.606720
3.175200
9.339840
4.743360
8.723520
8.913600
6.399360
8.340480
4.809600
7.424640
6.107040
2.258640
6.773040
7.855200
7.549920
6.730560
6.916320
2.234880
4.868640
4.816800
3.025440
6.534720
5.250240
5.077440
3.800160
4.386240
6.308640
5.963040
5.618880
3.538080
4.947840
4.017600
5.116320
6.321600
6.158880
6.317280
5.811840
6.454080
6.128640
2.324160
2.403360
2.204640
2.031840
4.057920
6.029280
5.808960
3.628800
6.039360
3.339360
6.179040
5.116320
5.224320
4.739040
6.081120
2.753280
1.532160
2.351520
6.194880
4.664160
4.374720
4.171680
5.548320
6.274080
2.207520
2.600640
4.875840
6.924960
4.831200
7.716960
6.860160
7.218720
5.978880
7.620480
2.501280
4.135680
6.197760
6.946560
2.877120
7.518240
8.665920
5.882400
8.016480
8.831520
8.668800
9.044640
8.714880
5.801760
4.487760
8.475120
9.707040
9.689760
9.516960
9.545760
8.022240
2.911680
9.249120
10.159200
11.128320
7.740000
11.046240
11.770560
10.506240
11.364480
10.641600
5.976720
12.019680
11.732400
7.284960
11.900160
11.063520
2.052720
5.646960
3.571200
10.310400
7.640640
6.219360
11.558880
10.110960
7.390800
11.073600
8.409600
13.497120
13.553280
12.524400
4.919760
12.080160
13.173120
13.476960
7.403040
7.485120
13.099680
13.665600
8.416800
14.430240
9.659520
7.092000
14.130720
10.409760
15.569280
15.891840
15.429600
14.506560
13.818240
15.379920
15.021360
11.760480
12.349440
16.378560
8.886240
15.591600
15.989040
17.464320
8.431200
17.881920
16.907040
11.332800
15.150240
9.208800
9.938880
11.952000
11.250720
16.113600
18.469440
17.076960
16.565760
18.574560
12.536640
15.503040
12.846240
2.381760
16.536960
11.374560
5.253120
8.907840
11.383200
12.643200
12.263040
16.650720
9.997920
4.366080
12.375360
18.277920
15.202080
11.504160
20.352960
20.268000
9.977760
13.944960
20.321280
11.295360
11.020320
13.094640
12.793680
11.816640
17.969760
18.596160
20.145600
20.033280
20.642400
20.170800
13.638960
11.885760
18.182880
19.546560
20.859840
20.126880
11.216160
20.518560
19.434960
14.128560
6.595200
22.410720
2.429280
15.005520
19.933200
16.898400
20.279520
19.899360
21.343680
21.700800
21.133440
20.983680
20.260800
18.859680
19.778400
18.511200
20.056320
15.505920
21.533760
20.767680
19.661760
20.145600
19.620000
13.849920
11.376720
9.771120
15.425280
19.644480
-99.000000
-99.000000
18.110880
22.641120
19.882800
17.188560
22.798080
16.565760
10.172160
24.210720
24.975360
7.606080
25.331040
23.862240
24.163200
22.779360
18.276480
15.972480
20.439360
18.275040
14.472000
22.934880
21.801600
20.584800
20.208960
19.173600
17.845920
16.329600
22.056480
20.338560
12.990240
18.672480
13.929120
21.291840
21.702240
19.113120
19.938240
18.727200
16.012800
9.904320
17.670240
13.196160
14.614560
17.291520
19.954080
19.065600
15.471360
18.878400
18.839520
-99.000000
13.281120
18.711360
18.349920
13.440960
15.092640
17.242560
18.984960
16.814880
16.080480
18.247680
18.047520
17.658720
17.654400
17.536320
17.540640
17.396640
15.037920
15.624000
14.353920
15.848640
15.729120
15.904800
15.788160
14.807520
6.467040
11.373120
6.356160
11.073600
9.254880
12.716640
13.528800
13.908960
6.121440
6.475680
12.360960
13.237920
11.364480
11.983680
11.007360
9.485280
6.009120
12.928320
5.696640
8.359200
5.555520
8.398080
10.483200
5.387040
11.417760
10.473120
11.129760
7.043040
11.590560
3.736800
4.428000
10.995840
10.676160
7.063200
10.681920
9.097920
9.787680
9.614880
8.475840
9.260640
9.881280
9.404640
10.523520
4.887360
9.610560
9.380160
4.759200
8.848800
8.874720
8.729280
9.214560
7.577280
2.466720
6.883200
2.748960
3.484800
0.764640
1.445760
2.079360
5.749920
5.918400
6.916320
6.927840
6.819840
6.145920
6.181920
6.147360
4.497120
3.610080
5.862240
5.124960
3.648960
5.230080
4.809600
5.410080
5.055840
4.795200
5.312160
4.847040
4.776480
4.851360
4.916160
4.782240
4.934880
5.037120
0.684000
2.554560
5.770080
5.081760
5.297760
5.469120
5.217120
5.173920
5.176800
2.956320
5.063040
5.251680
5.181120
5.332320
4.639680
4.939200
4.151520
1.634400
2.112480
1.268640
2.124000
2.026080
2.279520
5.453280
5.271840
3.363840
5.229360
5.173200
5.618880
5.857920
3.055680
5.767200
4.461120
6.533280
6.544800
6.511680
4.625280
6.952320
7.197120
7.318080
1.874160
7.323120
7.634880
7.983360
6.851520
8.328960
8.402400
6.684480
7.565760
8.622720
9.551520
9.260640
8.775360
6.998400
8.608320
10.520640
9.141120
9.741600
9.396000
9.843840
10.372320
4.835520
9.044640
5.775840
1.959840
5.919840
11.652480
12.060000
8.609760
10.353600
10.275840
9.483840
10.042560
10.015200
8.507520
11.162880
6.615360
1.611360
2.918880
12.900960
8.013600
2.805120
5.571360
9.712080
14.052240
12.618720
14.783040
13.682880
6.858720
11.119680
13.255200
13.655520
13.340160
8.540640
12.025440
12.332160
15.737760
15.698880
15.347520
14.533920
17.673120
10.673280
16.387200
14.024160
8.726400
2.352960
14.387040
13.248000
14.387040
6.880320
1.781280
9.712800
18.420480
8.847360
7.996320
3.926880
17.524800
4.966560
6.945120
6.554880
15.590880
8.074080
12.997440
18.447840
18.606240
14.496480
15.713280
15.844320
21.159360
20.753280
13.936320
19.510560
21.324960
17.550720
16.056000
13.494240
18.254880
19.785600
10.422720
6.786720
13.079520
19.825920
17.546400
5.912640
6.857280
6.557760
10.412640
10.061280
6.058080
22.194720
22.942080
23.112000
19.815840
14.404320
14.061600
20.011680
23.467680
22.661280
20.901600
11.734560
11.803680
23.472000
18.900000
17.025120
17.946720
24.433920
20.125440
23.266080
21.453120
13.654080
23.211360
14.722560
12.301920
6.566400
17.863200
20.835360
4.769280
24.386400
25.279200
22.420800
21.911040
17.971200
23.339520
23.071680
22.946400
18.077760
23.063040
22.240800
18.158400
22.639680
22.965120
23.113440
22.875840
22.525920
21.159360
19.150560
19.365120
14.633280
13.026240
14.006880
14.947200
21.674880
21.424320
22.867200
13.410720
23.232960
19.841760
13.014720
15.373440
15.625440
13.736160
-99.000000
-99.000000
16.786080
11.216160
22.620960
22.714560
22.047840
16.489440
20.658240
19.000800
19.251360
22.052160
18.920160
21.559680
19.954080
19.189440
11.472480
9.616320
19.212480
10.644480
11.206080
17.563680
13.999680
18.014400
20.296800
20.787840
6.730560
11.741760
18.804960
20.439360
20.135520
18.639360
18.012960
8.408160
17.323200
16.918560
15.912000
12.538080
16.567200
15.343200
9.079200
11.884320
5.708160
8.269920
11.047680
4.481280
13.864320
17.981280
12.924000
-99.000000
-99.000000
-99.000000
1.054080
10.506240
13.672800
14.081760
13.101120
13.227840
10.419840
16.060320
15.122880
12.149280
9.429120
15.511680
15.468480
12.764160
9.957600
7.377120
11.495520
9.633600
4.648320
10.347840
15.042240
15.167520
14.993280
14.552640
13.724640
12.821760
12.827520
12.880800
11.518560
3.916800
12.008160
11.733120
12.916800
13.269600
12.052800
9.408960
1.451520
6.170400
10.948320
6.546240
11.158560
11.083680
7.977600
11.105280
6.780960
11.278080
10.241280
11.059200
7.351200
6.343200
6.393600
7.839360
9.642240
10.391040
10.416960
8.085600
10.018080
5.976000
3.833280
9.483840
8.259840
7.545600
6.867360
9.482400
8.670240
8.668800
3.664800
7.837920
8.533440
5.708160
2.856960
7.299360
1.919520
2.246400
8.013600
5.963040
6.927840
7.048800
0.753120
2.725920
6.541920
1.766880
1.084320
2.838240
6.276960
6.037920
4.675680
5.208480
5.974560
2.701440
5.368320
5.470560
5.745600
3.696480
5.302080
4.227840
0.332640
1.023840
0.603360
1.140480
4.777920
4.656960
1.611360
4.016160
3.850560
2.547360
3.574080
1.436400
4.716720
4.115520
4.144320
4.494240
4.404960
4.576320
4.356000
0.982080
5.074560
2.786400
1.853280
5.196960
3.601440
4.648320
5.146560
4.824000
3.241440
2.269440
3.098880
2.558880
4.125600
4.584960
5.803200
5.772960
6.167520
6.168960
5.423040
6.158880
6.567840
5.074560
3.718080
5.099040
7.257600
6.557760
7.790400
7.722720
7.922880
2.540160
8.688960
8.212320
8.756640
8.100000
8.539200
9.352800
9.131040
1.591200
6.228000
7.604640
10.638720
8.821440
10.025280
9.115200
10.607760
6.185520
5.546880
5.536800
8.791200
5.509440
11.675520
12.146400
10.141200
1.681920
2.579040
7.845120
4.268160
8.157600
2.908800
1.013760
1.452960
8.252640
11.270880
7.787520
10.167840
10.896480
13.381920
13.253760
10.622880
13.019040
12.948480
13.466880
14.101920
14.024160
13.860000
12.492000
10.630080
3.162240
15.320160
15.791040
13.641120
16.136640
15.585120
15.609600
15.596640
15.698880
15.592320
15.649920
15.898320
7.056720
1.929600
8.166240
5.022720
13.972320
15.648480
9.574560
12.473280
18.072000
18.154080
17.300160
17.798400
3.909600
11.874240
17.474400
8.500320
12.388320
18.380160
3.074400
10.628640
13.328640
12.003840
11.813760
11.892960
8.300160
13.953600
15.729120
20.162880
18.792000
19.880640
7.659360
20.590560
19.137600
17.167680
13.112640
14.598720
20.233440
20.692800
18.928800
13.036320
8.078400
8.848800
9.329760
17.166240
16.817760
12.948480
18.557280
12.267360
16.945920
18.853920
17.912160
14.519520
19.834560
16.257600
19.020960
20.283840
20.023200
23.054400
11.754720
14.896800
7.223040
21.628800
19.195200
20.486880
19.205280
13.383360
16.842240
14.181120
9.527040
19.082880
5.562720
21.276000
20.689920
13.773600
19.647360
21.494880
22.121280
22.222080
20.833920
17.341920
15.170400
11.311200
14.436000
16.233120
23.865120
23.555520
22.685760
21.553920
21.857760
18.498240
18.442080
18.603360
9.000000
18.390240
21.157920
21.587040
23.712480
8.035200
11.757600
22.566240
18.610560
14.264640
20.756160
15.739200
7.603200
19.234080
20.177280
18.226080
20.531520
20.338560
21.225600
22.013280
21.212640
20.790720
21.121920
15.302880
20.262240
19.988640
17.815680
17.605440
19.828800
18.833760
17.723520
19.113120
19.810080
15.829920
18.491040
20.077920
19.526400
16.195680
19.749600
18.678240
12.127680
11.237760
12.055680
18.155520
16.951680
18.848160
17.091360
10.221120
13.740480
14.208480
12.630240
8.327520
16.246080
16.463520
14.689440
10.576080
13.389840
16.604640
15.618240
14.832000
11.432160
14.628960
12.375360
15.145920
16.909920
8.796960
12.435840
4.609440
14.027040
7.701120
10.238400
13.138560
3.271680
12.363840
12.300480
16.486560
15.249600
15.300000
14.695200
15.531840
8.575200
15.202080
15.238080
14.535360
14.410080
13.523040
11.596320
8.585280
9.545760
10.954080
13.978080
10.146240
4.065120
9.813600
12.065760
4.285440
12.371040
10.789920
12.385440
8.190720
12.384000
10.762560
12.604320
6.294240
11.819520
12.237120
9.658080
5.646240
5.306400
4.916160
4.299840
6.691680
3.241440
4.095360
1.647360
7.296480
6.095520
5.495040
11.106720
10.974240
10.152000
1.478880
3.412800
3.682080
7.264800
7.293600
1.536480
7.433280
9.375840
9.501120
9.188640
9.066240
8.664480
9.264960
7.034400
1.375200
5.935680
6.379200
5.588640
7.246080
4.272480
2.793600
0.947520
6.500160
7.043040
6.562080
4.662720
-99.000000
-99.000000
1.035360
4.482720
6.452640
5.168160
6.065280
4.996800
4.896000
3.893760
1.061280
5.081760
0.681120
4.140000
3.636000
5.087520
2.692800
4.734720
5.100480
5.065920
4.039200
4.583520
4.845600
4.514400
4.553280
4.692960
2.527200
4.692960
2.534400
4.593600
4.343040
4.730400
4.140000
4.937760
4.220640
4.210560
3.317760
1.334880
2.966400
4.560480
3.659040
2.738880
4.939200
4.652640
4.528800
4.884480
4.828320
4.504320
1.369440
3.290400
3.985920
4.613760
3.576960
4.360320
1.677600
5.736960
3.241440
3.944160
4.649760
6.052320
3.350880
4.704480
5.366880
6.503040
3.669120
4.416480
2.344320
2.279520
6.436800
5.336640
6.127200
6.806880
7.588800
8.288640
8.326080
8.638560
8.850240
8.873280
7.882560
6.809760
6.778080
9.581760
8.147520
9.597600
9.567360
8.716320
9.691200
3.660480
8.239680
5.467680
9.293760
2.221920
2.603520
5.503680
8.254080
6.397920
4.685760
5.372640
10.427040
11.184480
8.644320
13.024800
12.530880
9.600480
9.479520
7.996320
7.189920
13.197600
7.986240
13.435200
7.123680
11.207520
8.148960
1.615680
7.642080
12.191040
11.769120
13.327200
11.589120
12.765600
10.186560
12.428640
9.845280
12.785760
14.224320
10.726560
13.036320
4.001760
9.948960
7.943040
1.257120
3.638880
12.924000
4.272480
16.351200
15.288480
12.735360
6.788160
13.278240
2.856960
14.814720
12.880800
17.316000
12.385440
16.754400
2.950560
16.175520
5.171040
11.979360
12.715200
15.904800
17.699040
17.798400
1.874880
16.535520
19.018080
19.127520
17.871840
14.554080
2.704320
4.602240
6.698880
6.655680
10.239840
3.114720
10.579680
10.800000
19.229760
16.158240
17.316000
16.689600
4.586400
3.444480
5.872320
21.070080
16.544160
14.139360
20.528640
15.081120
15.403680
13.076640
14.633280
12.245760
6.132960
18.427680
16.151040
16.273440
16.608960
14.741280
17.880480
17.723520
6.046560
10.913760
12.381120
20.312640
21.841920
13.504320
21.911040
21.618720
19.087200
17.645760
17.200800
18.660960
11.655360
15.114240
22.383360
10.882080
9.473760
17.186400
21.931200
21.057120
5.666400
14.664960
11.174400
16.583040
19.064160
13.481280
14.837760
18.476640
19.945440
17.039520
15.239520
19.906560
17.759520
20.364480
20.178720
18.900000
14.351040
7.295040
17.634240
20.820960
17.619840
7.928640
16.009920
15.105600
18.198720
20.014560
19.241280
13.023360
15.439680
18.201600
17.248320
17.461440
17.854560
18.109440
13.923360
15.916320
17.474400
16.797600
17.991360
17.352000
12.415680
15.481440
16.754400
13.845600
9.887040
14.231520
3.540960
12.915360
17.677440
10.660320
16.443360
12.242880
11.743200
17.091360
16.823520
16.872480
16.227360
15.017760
14.898240
12.346560
15.822720
16.305120
14.716800
16.001280
14.626080
11.567520
14.473440
14.528160
14.628960
15.482880
13.678560
6.664320
13.406400
9.796320
12.769920
11.901600
5.323680
10.437120
7.656480
9.735840
7.208640
12.722400
12.422880
10.346400
10.929600
8.415360
12.420000
6.445440
5.250240
13.466880
12.993120
12.738240
10.730880
11.750400
11.492640
12.301920
12.385440
10.257120
12.686400
12.533760
11.916000
11.662560
10.202400
10.686240
10.434240
9.874080
9.977760
10.477440
8.812800
7.672320
8.763840
9.485280
8.310240
10.812960
5.474880
3.464640
5.722560
10.092960
6.553440
4.573440
9.195840
5.916960
5.591520
4.285440
6.180480
7.842240
9.385920
8.095680
6.377760
9.187200
1.293120
7.619040
4.626720
6.975360
3.949920
1.802880
7.568640
5.083200
6.076800
4.063680
5.407200
6.632640
6.978240
6.713280
5.670720
4.677120
6.001920
7.539840
7.685280
7.440480
4.440960
6.336000
6.220800
5.387040
4.523040
5.891040
5.352480
5.412960
5.486400
4.979520
4.072320
5.123520
4.579200
2.671200
5.057280
3.476160
5.415840
5.014080
1.861920
3.402720
3.179520
2.151360
1.264320
1.346400
1.699200
4.311360
2.596320
3.924000
3.407040
4.167360
2.165760
2.604960
4.415040
4.394880
4.612320
3.062880
4.410720
5.237280
4.417920
1.342080
4.955040
4.592160
3.513600
5.248800
4.766400
3.847680
4.428000
4.586400
4.576320
4.612320
4.446720
4.862880
4.952160
4.920480
5.090400
5.032800
5.326560
5.384160
5.760000
5.885280
6.321600
4.698720
5.757120
5.974560
3.051360
5.502240
6.540480
0.000000
6.272640
7.259040
6.924960
7.889760
7.807680
3.427200
0.012960
8.517600
8.252640
9.306720
7.891200
8.616960
8.438400
7.356960
2.910240
2.292480
3.810240
7.428960
9.681120
7.896960
7.217280
9.973440
3.163680
10.500480
11.000160
10.802880
11.396160
10.071360
7.228800
10.149120
4.720320
12.006720
7.742880
9.699840
8.812800
8.081280
12.607200
11.211840
10.586880
10.542240
13.020480
10.540800
11.822400
13.108320
13.272480
13.416480
12.836160
5.952960
13.991040
13.155840
12.718080
10.435680
11.783520
13.282560
14.107680
14.624640
13.008960
-99.000000
-99.000000
-99.000000
-99.000000
-99.000000
-99.000000
-99.000000
-99.000000
-99.000000
-99.000000
-99.000000
-99.000000
-99.000000
-99.000000
-99.000000
-99.000000
-99.000000
-99.000000
-99.000000
-99.000000
-99.000000
-99.000000
-99.000000
-99.000000
-99.000000
-99.000000
-99.000000
-99.000000
-99.000000
-99.000000
-99.000000
-99.000000
-99.000000
-99.000000
-99.000000
-99.000000
-99.000000
-99.000000
-99.000000
-99.000000
-99.000000
-99.000000
-99.000000
-99.000000
-99.000000
-99.000000
-99.000000
-99.000000
-99.000000
-99.000000
-99.000000
-99.000000
-99.000000
-99.000000
-99.000000
-99.000000
-99.000000
-99.000000
-99.000000
-99.000000
-99.000000
-99.000000
-99.000000
-99.000000
-99.000000
-99.000000
-99.000000
-99.000000
-99.000000
-99.000000
-99.000000
-99.000000
-99.000000
-99.000000
-99.000000
-99.000000
-99.000000
-99.000000
-99.000000
-99.000000
-99.000000
-99.000000
-99.000000
-99.000000
-99.000000
-99.000000
-99.000000
-99.000000
-99.000000
-99.000000
-99.000000
-99.000000
-99.000000
-99.000000
-99.000000
-99.000000
-99.000000
-99.000000
-99.000000
-99.000000
-99.000000
-99.000000
-99.000000
-99.000000
-99.000000
-99.000000
-99.000000
-99.000000
-99.000000
-99.000000
-99.000000
-99.000000
-99.000000
-99.000000
-99.000000
-99.000000
-99.000000
-99.000000
-99.000000
-99.000000
-99.000000
-99.000000
-99.000000
-99.000000
-99.000000
-99.000000
-99.000000
-99.000000
-99.000000
-99.000000
-99.000000
-99.000000
-99.000000
-99.000000
-99.000000
-99.000000
-99.000000
-99.000000
-99.000000
-99.000000
-99.000000
-99.000000
-99.000000
-99.000000
-99.000000
-99.000000
-99.000000
-99.000000
-99.000000
-99.000000
-99.000000
-99.000000
-99.000000
-99.000000
-99.000000
-99.000000
-99.000000
-99.000000
-99.000000
-99.000000
-99.000000
-99.000000
-99.000000
-99.000000
-99.000000
-99.000000
-99.000000
-99.000000
-99.000000
-99.000000
-99.000000
-99.000000
-99.000000
-99.000000
-99.000000
-99.000000
-99.000000
-99.000000
-99.000000
-99.000000
-99.000000
-99.000000
-99.000000
-99.000000
-99.000000
-99.000000
-99.000000
-99.000000
-99.000000
-99.000000
-99.000000
-99.000000
-99.000000
-99.000000
-99.000000
-99.000000
-99.000000
-99.000000
-99.000000
-99.000000
-99.000000
-99.000000
-99.000000
-99.000000
-99.000000
-99.000000
-99.000000
-99.000000
-99.000000
-99.000000
-99.000000
-99.000000
-99.000000
-99.000000
-99.000000
-99.000000
-99.000000
-99.000000
-99.000000
-99.000000
-99.000000
-99.000000
-99.000000
-99.000000
-99.000000
-99.000000
-99.000000
-99.000000
-99.000000
-99.000000
-99.000000
-99.000000
-99.000000
-99.000000
-99.000000
-99.000000
-99.000000
-99.000000
-99.000000
-99.000000
-99.000000
-99.000000
-99.000000
-99.000000
-99.000000
-99.000000
-99.000000
-99.000000
-99.000000
-99.000000
-99.000000
-99.000000
-99.000000
-99.000000
-99.000000
-99.000000
-99.000000
-99.000000
-99.000000
-99.000000
-99.000000
-99.000000
-99.000000
-99.000000
-99.000000
-99.000000
-99.000000
-99.000000
-99.000000
-99.000000
-99.000000
-99.000000
-99.000000
-99.000000
-99.000000
-99.000000
-99.000000
-99.000000
-99.000000
-99.000000
-99.000000
-99.000000
-99.000000
-99.000000
-99.000000
-99.000000
-99.000000
-99.000000
-99.000000
-99.000000
-99.000000
-99.000000
-99.000000
-99.000000
-99.000000
-99.000000
-99.000000
-99.000000
-99.000000
-99.000000
-99.000000
-99.000000
-99.000000
-99.000000
-99.000000
-99.000000
-99.000000
-99.000000
-99.000000
-99.000000
-99.000000
-99.000000
-99.000000
-99.000000
-99.000000
-99.000000
-99.000000
-99.000000
-99.000000
-99.000000
-99.000000
-99.000000
-99.000000
-99.000000
-99.000000
-99.000000
-99.000000
-99.000000
-99.000000
-99.000000
-99.000000
-99.000000
-99.000000
-99.000000
-99.000000
-99.000000
-99.000000
-99.000000
-99.000000
-99.000000
-99.000000
-99.000000
-99.000000
-99.000000
-99.000000
-99.000000
-99.000000
-99.000000
-99.000000
-99.000000
-99.000000
-99.000000
-99.000000
-99.000000
-99.000000
-99.000000
-99.000000
-99.000000
-99.000000
-99.000000
-99.000000
-99.000000
-99.000000
-99.000000
-99.000000
-99.000000
-99.000000
-99.000000
-99.000000
-99.000000
-99.000000
-99.000000
-99.000000
-99.000000
-99.000000
-99.000000
-99.000000
-99.000000
-99.000000
-99.000000
-99.000000
-99.000000
-99.000000
-99.000000
-99.000000
-99.000000
-99.000000
-99.000000
-99.000000
-99.000000
-99.000000
-99.000000
-99.000000
-99.000000
-99.000000
-99.000000
-99.000000
-99.000000
-99.000000
-99.000000
-99.000000
-99.000000
-99.000000
-99.000000
-99.000000
-99.000000
-99.000000
-99.000000
-99.000000
-99.000000
-99.000000
-99.000000
-99.000000
-99.000000
-99.000000
-99.000000
-99.000000
-99.000000
-99.000000
-99.000000
-99.000000
-99.000000
-99.000000
-99.000000
-99.000000
-99.000000
-99.000000
-99.000000
-99.000000
-99.000000
-99.000000
-99.000000
-99.000000
-99.000000
-99.000000
-99.000000
-99.000000
-99.000000
-99.000000
-99.000000
-99.000000
-99.000000
-99.000000
-99.000000
-99.000000
-99.000000
-99.000000
-99.000000
-99.000000
-99.000000
-99.000000
-99.000000
-99.000000
-99.000000
-99.000000
-99.000000
-99.000000
-99.000000
-99.000000
-99.000000
-99.000000
-99.000000
-99.000000
-99.000000
-99.000000
-99.000000
-99.000000
-99.000000
-99.000000
-99.000000
-99.000000
-99.000000
-99.000000
-99.000000
-99.000000
-99.000000
-99.000000
-99.000000
-99.000000
-99.000000
-99.000000
-99.000000
-99.000000
-99.000000
-99.000000
-99.000000
-99.000000
-99.000000
-99.000000
-99.000000
-99.000000
-99.000000
-99.000000
-99.000000
-99.000000
-99.000000
-99.000000
-99.000000
-99.000000
-99.000000
-99.000000
-99.000000
-99.000000
-99.000000
-99.000000
-99.000000
-99.000000
-99.000000
-99.000000
-99.000000
-99.000000
-99.000000
-99.000000
-99.000000
-99.000000
-99.000000
-99.000000
-99.000000
-99.000000
-99.000000
-99.000000
-99.000000
-99.000000
-99.000000
-99.000000
-99.000000
-99.000000
-99.000000
-99.000000
-99.000000
-99.000000
-99.000000
-99.000000
-99.000000
-99.000000
-99.000000
-99.000000
-99.000000
-99.000000
-99.000000
-99.000000
-99.000000
-99.000000
-99.000000
-99.000000
-99.000000
-99.000000
-99.000000
-99.000000
-99.000000
-99.000000
-99.000000
-99.000000
-99.000000
-99.000000
-99.000000
-99.000000
-99.000000
-99.000000
-99.000000
-99.000000
-99.000000
-99.000000
-99.000000
-99.000000
-99.000000
-99.000000
-99.000000
-99.000000
-99.000000
-99.000000
-99.000000
-99.000000
-99.000000
-99.000000
-99.000000
-99.000000
-99.000000
-99.000000
-99.000000
-99.000000
-99.000000
-99.000000
-99.000000
-99.000000
-99.000000
-99.000000
-99.000000
-99.000000
-99.000000
-99.000000
-99.000000
-99.000000
-99.000000
-99.000000
-99.000000
-99.000000
-99.000000
-99.000000
-99.000000
-99.000000
-99.000000
-99.000000
-99.000000
-99.000000
-99.000000
-99.000000
-99.000000
-99.000000
-99.000000
-99.000000
-99.000000
-99.000000
-99.000000
-99.000000
-99.000000
-99.000000
-99.000000
-99.000000
-99.000000
-99.000000
-99.000000
-99.000000
-99.000000
-99.000000
-99.000000
-99.000000
-99.000000
-99.000000
-99.000000
-99.000000
-99.000000
-99.000000
-99.000000
-99.000000
-99.000000
-99.000000
-99.000000
-99.000000
-99.000000
-99.000000
-99.000000
-99.000000
-99.000000
-99.000000
-99.000000
-99.000000
-99.000000
-99.000000
-99.000000
-99.000000
-99.000000
-99.000000
-99.000000
-99.000000
-99.000000
-99.000000
-99.000000
-99.000000
-99.000000
-99.000000
-99.000000
-99.000000
-99.000000
-99.000000
-99.000000
-99.000000
-99.000000
-99.000000
-99.000000
-99.000000
-99.000000
-99.000000
-99.000000
-99.000000
-99.000000
-99.000000
-99.000000
-99.000000
-99.000000
-99.000000
-99.000000
-99.000000
-99.000000
-99.000000
-99.000000
-99.000000
-99.000000
-99.000000
-99.000000
-99.000000
-99.000000
-99.000000
-99.000000
-99.000000
-99.000000
-99.000000
-99.000000
-99.000000
-99.000000
-99.000000
-99.000000
-99.000000
-99.000000
-99.000000
-99.000000
-99.000000
-99.000000
-99.000000
-99.000000
-99.000000
-99.000000
-99.000000
-99.000000
-99.000000
-99.000000
-99.000000
-99.000000
-99.000000
-99.000000
-99.000000
-99.000000
-99.000000
-99.000000
-99.000000
-99.000000
-99.000000
-99.000000
-99.000000
-99.000000
-99.000000
-99.000000
-99.000000
-99.000000
-99.000000
-99.000000
-99.000000
-99.000000
-99.000000
-99.000000
-99.000000
-99.000000
-99.000000
-99.000000
-99.000000
-99.000000
-99.000000
-99.000000
-99.000000
-99.000000
-99.000000
-99.000000
-99.000000
-99.000000
-99.000000
-99.000000
-99.000000
-99.000000
-99.000000
-99.000000
-99.000000
-99.000000
-99.000000
-99.000000
-99.000000
-99.000000
-99.000000
-99.000000
-99.000000
-99.000000
-99.000000
-99.000000
-99.000000
-99.000000
-99.000000
-99.000000
-99.000000
-99.000000
-99.000000
-99.000000
-99.000000
-99.000000
-99.000000
-99.000000
-99.000000
-99.000000
-99.000000
-99.000000
-99.000000
-99.000000
-99.000000
-99.000000
-99.000000
-99.000000
-99.000000
-99.000000
-99.000000
-99.000000
-99.000000
-99.000000
-99.000000
-99.000000
-99.000000
-99.000000
-99.000000
-99.000000
-99.000000
-99.000000
-99.000000
-99.000000
-99.000000
-99.000000
-99.000000
-99.000000
-99.000000
-99.000000
-99.000000
-99.000000
-99.000000
-99.000000
-99.000000
-99.000000
-99.000000
-99.000000
-99.000000
-99.000000
-99.000000
-99.000000
-99.000000
-99.000000
-99.000000
-99.000000
-99.000000
-99.000000
-99.000000
-99.000000
-99.000000
-99.000000
-99.000000
-99.000000
-99.000000
-99.000000
-99.000000
-99.000000
-99.000000
-99.000000
-99.000000
-99.000000
-99.000000
-99.000000
-99.000000
-99.000000
-99.000000
-99.000000
-99.000000
-99.000000
-99.000000
-99.000000
-99.000000
-99.000000
-99.000000
-99.000000
-99.000000
-99.000000
-99.000000
-99.000000
-99.000000
-99.000000
-99.000000
-99.000000
-99.000000
-99.000000
-99.000000
-99.000000
-99.000000
-99.000000
-99.000000
-99.000000
-99.000000
-99.000000
-99.000000
-99.000000
-99.000000
-99.000000
-99.000000
-99.000000
-99.000000
-99.000000
-99.000000
-99.000000
-99.000000
-99.000000
-99.000000
-99.000000
-99.000000
-99.000000
-99.000000
-99.000000
-99.000000
-99.000000
-99.000000
-99.000000
-99.000000
-99.000000
-99.000000
-99.000000
-99.000000
-99.000000
-99.000000
-99.000000
-99.000000
-99.000000
-99.000000
-99.000000
-99.000000
-99.000000
-99.000000
-99.000000
-99.000000
-99.000000
-99.000000
-99.000000
-99.000000
-99.000000
-99.000000
-99.000000
-99.000000
-99.000000
-99.000000
-99.000000
-99.000000
-99.000000
-99.000000
-99.000000
-99.000000
-99.000000
-99.000000
-99.000000
-99.000000
-99.000000
-99.000000
-99.000000
-99.000000
-99.000000
-99.000000
-99.000000
-99.000000
-99.000000
-99.000000
-99.000000
-99.000000
-99.000000
-99.000000
-99.000000
-99.000000
-99.000000
-99.000000
-99.000000
-99.000000
-99.000000
-99.000000
-99.000000
-99.000000
-99.000000
-99.000000
-99.000000
-99.000000
-99.000000
-99.000000
-99.000000
-99.000000
-99.000000
-99.000000
-99.000000
-99.000000
-99.000000
-99.000000
-99.000000
-99.000000
-99.000000
-99.000000
-99.000000
-99.000000
-99.000000
-99.000000
-99.000000
-99.000000
-99.000000
-99.000000
-99.000000
-99.000000
-99.000000
-99.000000
-99.000000
-99.000000
-99.000000
-99.000000
-99.000000
-99.000000
-99.000000
-99.000000
-99.000000
-99.000000
-99.000000
-99.000000
-99.000000
-99.000000
-99.000000
-99.000000
-99.000000
-99.000000
-99.000000
-99.000000
-99.000000
-99.000000
-99.000000
-99.000000
-99.000000
-99.000000
-99.000000
-99.000000
-99.000000
-99.000000
-99.000000
-99.000000
-99.000000
-99.000000
-99.000000
-99.000000
-99.000000
-99.000000
-99.000000
-99.000000
-99.000000
-99.000000
-99.000000
-99.000000
-99.000000
-99.000000
-99.000000
-99.000000
-99.000000
-99.000000
-99.000000
-99.000000
-99.000000
-99.000000
-99.000000
-99.000000
-99.000000
-99.000000
-99.000000
-99.000000
-99.000000
-99.000000
-99.000000
-99.000000
-99.000000
-99.000000
-99.000000
-99.000000
-99.000000
-99.000000
-99.000000
-99.000000
-99.000000
-99.000000
-99.000000
-99.000000
-99.000000
-99.000000
-99.000000
-99.000000
-99.000000
-99.000000
-99.000000
-99.000000
-99.000000
-99.000000
-99.000000
-99.000000
-99.000000
-99.000000
-99.000000
-99.000000
-99.000000
-99.000000
-99.000000
-99.000000
-99.000000
-99.000000
-99.000000
-99.000000
-99.000000
-99.000000
-99.000000
-99.000000
-99.000000
-99.000000
-99.000000
-99.000000
-99.000000
-99.000000
-99.000000
-99.000000
-99.000000
-99.000000
-99.000000
-99.000000
-99.000000
-99.000000
-99.000000
-99.000000
-99.000000
-99.000000
-99.000000
-99.000000
-99.000000
-99.000000
-99.000000
-99.000000
-99.000000
-99.000000
-99.000000
-99.000000
-99.000000
-99.000000
-99.000000
-99.000000
-99.000000
-99.000000
-99.000000
-99.000000
-99.000000
-99.000000
-99.000000
-99.000000
-99.000000
-99.000000
-99.000000
-99.000000
-99.000000
-99.000000
-99.000000
-99.000000
-99.000000
-99.000000
-99.000000
-99.000000
-99.000000
-99.000000
-99.000000
-99.000000
-99.000000
-99.000000
-99.000000
-99.000000
-99.000000
-99.000000
-99.000000
-99.000000
-99.000000
-99.000000
-99.000000
-99.000000
-99.000000
-99.000000
-99.000000
-99.000000
-99.000000
-99.000000
-99.000000
-99.000000
-99.000000
-99.000000
-99.000000
-99.000000
-99.000000
-99.000000
-99.000000
-99.000000
-99.000000
-99.000000
-99.000000
-99.000000
-99.000000
-99.000000
-99.000000
-99.000000
-99.000000
-99.000000
-99.000000
-99.000000
-99.000000
-99.000000
-99.000000
-99.000000
-99.000000
-99.000000
-99.000000
-99.000000
-99.000000
-99.000000
-99.000000
-99.000000
-99.000000
-99.000000
-99.000000
-99.000000
-99.000000
-99.000000
-99.000000
-99.000000
-99.000000
-99.000000
-99.000000
-99.000000
-99.000000
-99.000000
-99.000000
-99.000000
-99.000000
-99.000000
-99.000000
-99.000000
-99.000000
-99.000000
-99.000000
-99.000000
-99.000000
-99.000000
-99.000000
-99.000000
-99.000000
-99.000000
-99.000000
-99.000000
-99.000000
-99.000000
-99.000000
-99.000000
-99.000000
-99.000000
-99.000000
-99.000000
-99.000000
-99.000000
-99.000000
-99.000000
-99.000000
-99.000000
-99.000000
-99.000000
-99.000000
-99.000000
-99.000000
-99.000000
-99.000000
-99.000000
-99.000000
-99.000000
-99.000000
-99.000000
-99.000000
-99.000000
-99.000000
-99.000000
-99.000000
-99.000000
-99.000000
-99.000000
-99.000000
-99.000000
-99.000000
-99.000000
-99.000000
-99.000000
-99.000000
-99.000000
-99.000000
-99.000000
-99.000000
-99.000000
-99.000000
-99.000000
-99.000000
-99.000000
-99.000000
-99.000000
-99.000000
-99.000000
-99.000000
-99.000000
-99.000000
-99.000000
-99.000000
-99.000000
-99.000000
-99.000000
-99.000000
-99.000000
-99.000000
-99.000000
-99.000000
-99.000000
-99.000000
-99.000000
-99.000000
-99.000000
-99.000000
-99.000000
-99.000000
-99.000000
-99.000000
-99.000000
-99.000000
-99.000000
-99.000000
-99.000000
-99.000000
-99.000000
-99.000000
-99.000000
-99.000000
-99.000000
-99.000000
-99.000000
-99.000000
-99.000000
-99.000000
-99.000000
-99.000000
-99.000000
-99.000000
-99.000000
-99.000000
-99.000000
-99.000000
-99.000000
-99.000000
-99.000000
-99.000000
-99.000000
-99.000000
-99.000000
-99.000000
-99.000000
-99.000000
-99.000000
-99.000000
-99.000000
-99.000000
-99.000000
-99.000000
-99.000000
-99.000000
-99.000000
-99.000000
-99.000000
-99.000000
-99.000000
-99.000000
-99.000000
-99.000000
-99.000000
-99.000000
-99.000000
-99.000000
-99.000000
-99.000000
-99.000000
-99.000000
-99.000000
-99.000000
-99.000000
-99.000000
-99.000000
-99.000000
-99.000000
-99.000000
-99.000000
-99.000000
-99.000000
-99.000000
-99.000000
-99.000000
-99.000000
-99.000000
-99.000000
-99.000000
-99.000000
-99.000000
-99.000000
-99.000000
-99.000000
-99.000000
-99.000000
-99.000000
-99.000000
-99.000000
-99.000000
-99.000000
-99.000000
-99.000000
-99.000000
-99.000000
-99.000000
-99.000000
-99.000000
-99.000000
-99.000000
-99.000000
-99.000000
-99.000000
-99.000000
-99.000000
-99.000000
-99.000000
-99.000000
-99.000000
-99.000000
-99.000000
-99.000000
-99.000000
-99.000000
-99.000000
-99.000000
-99.000000
-99.000000
-99.000000
-99.000000
-99.000000
-99.000000
-99.000000
-99.000000
-99.000000
-99.000000
-99.000000
-99.000000
-99.000000
-99.000000
-99.000000
-99.000000
-99.000000
-99.000000
-99.000000
-99.000000
-99.000000
-99.000000
-99.000000
-99.000000
-99.000000
-99.000000
-99.000000
-99.000000
-99.000000
-99.000000
-99.000000
-99.000000
-99.000000
-99.000000
-99.000000
-99.000000
-99.000000
-99.000000
-99.000000
-99.000000
-99.000000
-99.000000
-99.000000
-99.000000
-99.000000
-99.000000
-99.000000
-99.000000
-99.000000
-99.000000
-99.000000
-99.000000
-99.000000
-99.000000
-99.000000
-99.000000
-99.000000
-99.000000
-99.000000
-99.000000
-99.000000
-99.000000
-99.000000
-99.000000
-99.000000
-99.000000
-99.000000
-99.000000
-99.000000
-99.000000
-99.000000
-99.000000
-99.000000
-99.000000
-99.000000
-99.000000
-99.000000
-99.000000
-99.000000
-99.000000
-99.000000
-99.000000
-99.000000
-99.000000
-99.000000
-99.000000
-99.000000
-99.000000
-99.000000
-99.000000
-99.000000
-99.000000
-99.000000
-99.000000
-99.000000
-99.000000
-99.000000
-99.000000
-99.000000
-99.000000
-99.000000
-99.000000
-99.000000
-99.000000
-99.000000
-99.000000
-99.000000
-99.000000
-99.000000
-99.000000
-99.000000
-99.000000
-99.000000
-99.000000
-99.000000
-99.000000
-99.000000
-99.000000
-99.000000
-99.000000
-99.000000
-99.000000
-99.000000
-99.000000
-99.000000
-99.000000
-99.000000
-99.000000
-99.000000
-99.000000
-99.000000
-99.000000
-99.000000
-99.000000
-99.000000
-99.000000
-99.000000
-99.000000
-99.000000
-99.000000
-99.000000
-99.000000
-99.000000
-99.000000
-99.000000
-99.000000
-99.000000
-99.000000
-99.000000
-99.000000
-99.000000
-99.000000
-99.000000
-99.000000
-99.000000
-99.000000
-99.000000
-99.000000
-99.000000
-99.000000
-99.000000
-99.000000
-99.000000
-99.000000
-99.000000
-99.000000
-99.000000
-99.000000
-99.000000
-99.000000
-99.000000
-99.000000
-99.000000
-99.000000
-99.000000
-99.000000
-99.000000
-99.000000
-99.000000
-99.000000
-99.000000
-99.000000
-99.000000
-99.000000
-99.000000
-99.000000
-99.000000
-99.000000
-99.000000
-99.000000
-99.000000
-99.000000
-99.000000
-99.000000
-99.000000
-99.000000
-99.000000
-99.000000
-99.000000
-99.000000
-99.000000
-99.000000
-99.000000
-99.000000
-99.000000
-99.000000
-99.000000
-99.000000
-99.000000
-99.000000
-99.000000
-99.000000
-99.000000
-99.000000
-99.000000
-99.000000
-99.000000
-99.000000
-99.000000
-99.000000
-99.000000
-99.000000
-99.000000
-99.000000
-99.000000
-99.000000
-99.000000
-99.000000
-99.000000
-99.000000
-99.000000
-99.000000
-99.000000
-99.000000
-99.000000
-99.000000
-99.000000
-99.000000
-99.000000
-99.000000
-99.000000
-99.000000
-99.000000
-99.000000
-99.000000
-99.000000
-99.000000
-99.000000
-99.000000
-99.000000
-99.000000
-99.000000
-99.000000
-99.000000
-99.000000
-99.000000
-99.000000
-99.000000
-99.000000
-99.000000
-99.000000
-99.000000
-99.000000
-99.000000
-99.000000
-99.000000
-99.000000
-99.000000
-99.000000
-99.000000
-99.000000
-99.000000
-99.000000
-99.000000
-99.000000
-99.000000
-99.000000
-99.000000
-99.000000
-99.000000
-99.000000
-99.000000
-99.000000
-99.000000
-99.000000
-99.000000
-99.000000
-99.000000
-99.000000
-99.000000
-99.000000
-99.000000
-99.000000
-99.000000
-99.000000
-99.000000
-99.000000
-99.000000
-99.000000
-99.000000
-99.000000
-99.000000
-99.000000
-99.000000
-99.000000
-99.000000
-99.000000
-99.000000
-99.000000
-99.000000
-99.000000
-99.000000
-99.000000
-99.000000
-99.000000
-99.000000
-99.000000
-99.000000
-99.000000
-99.000000
-99.000000
-99.000000
-99.000000
-99.000000
-99.000000
-99.000000
-99.000000
-99.000000
-99.000000
-99.000000
-99.000000
-99.000000
-99.000000
-99.000000
-99.000000
-99.000000
-99.000000
-99.000000
-99.000000
-99.000000
-99.000000
-99.000000
-99.000000
-99.000000
-99.000000
-99.000000
-99.000000
-99.000000
-99.000000
-99.000000
-99.000000
-99.000000
-99.000000
-99.000000
-99.000000
-99.000000
-99.000000
-99.000000
-99.000000
-99.000000
-99.000000
-99.000000
-99.000000
-99.000000
-99.000000
-99.000000
-99.000000
-99.000000
-99.000000
-99.000000
-99.000000
-99.000000
-99.000000
-99.000000
-99.000000
-99.000000
-99.000000
-99.000000
-99.000000
-99.000000
-99.000000
-99.000000
-99.000000
-99.000000
-99.000000
-99.000000
-99.000000
-99.000000
-99.000000
-99.000000
-99.000000
-99.000000
-99.000000
-99.000000
-99.000000
-99.000000
-99.000000
-99.000000
-99.000000
-99.000000
-99.000000
-99.000000
-99.000000
-99.000000
-99.000000
-99.000000
-99.000000
-99.000000
-99.000000
-99.000000
-99.000000
-99.000000
-99.000000
-99.000000
-99.000000
-99.000000
-99.000000
-99.000000
-99.000000
-99.000000
-99.000000
-99.000000
-99.000000
-99.000000
-99.000000
-99.000000
-99.000000
-99.000000
-99.000000
-99.000000
-99.000000
-99.000000
-99.000000
-99.000000
-99.000000
-99.000000
-99.000000
-99.000000
-99.000000
-99.000000
-99.000000
-99.000000
-99.000000
-99.000000
-99.000000
-99.000000
-99.000000
-99.000000
-99.000000
-99.000000
-99.000000
-99.000000
-99.000000
-99.000000
-99.000000
-99.000000
-99.000000
-99.000000
-99.000000
-99.000000
-99.000000
-99.000000
-99.000000
-99.000000
-99.000000
-99.000000
-99.000000
-99.000000
-99.000000
-99.000000
-99.000000
-99.000000
-99.000000
-99.000000
-99.000000
-99.000000
-99.000000
-99.000000
-99.000000
-99.000000
-99.000000
-99.000000
-99.000000
-99.000000
-99.000000
-99.000000
-99.000000
-99.000000
-99.000000
-99.000000
-99.000000
-99.000000
-99.000000
-99.000000
-99.000000
-99.000000
-99.000000
-99.000000
-99.000000
-99.000000
-99.000000
-99.000000
-99.000000
-99.000000
-99.000000
-99.000000
-99.000000
-99.000000
-99.000000
-99.000000
-99.000000
-99.000000
-99.000000
-99.000000
-99.000000
-99.000000
-99.000000
-99.000000
-99.000000
-99.000000
-99.000000
-99.000000
-99.000000
-99.000000
-99.000000
-99.000000
-99.000000
-99.000000
-99.000000
-99.000000
-99.000000
-99.000000
-99.000000
-99.000000
-99.000000
-99.000000
-99.000000
-99.000000
-99.000000
-99.000000
-99.000000
-99.000000
-99.000000
-99.000000
-99.000000
-99.000000
-99.000000
-99.000000
-99.000000
-99.000000
-99.000000
-99.000000
-99.000000
-99.000000
-99.000000
-99.000000
-99.000000
-99.000000
-99.000000
-99.000000
-99.000000
-99.000000
-99.000000
-99.000000
-99.000000
-99.000000
-99.000000
-99.000000
-99.000000
-99.000000
-99.000000
-99.000000
-99.000000
-99.000000
-99.000000
-99.000000
-99.000000
-99.000000
-99.000000
-99.000000
-99.000000
-99.000000
-99.000000
-99.000000
-99.000000
-99.000000
-99.000000
-99.000000
-99.000000
-99.000000
-99.000000
-99.000000
-99.000000
-99.000000
-99.000000
-99.000000
-99.000000
-99.000000
-99.000000
-99.000000
-99.000000
-99.000000
-99.000000
-99.000000
-99.000000
-99.000000
-99.000000
-99.000000
-99.000000
-99.000000
-99.000000
-99.000000
-99.000000
-99.000000
-99.000000
-99.000000
-99.000000
-99.000000
-99.000000
-99.000000
-99.000000
-99.000000
-99.000000
-99.000000
-99.000000
-99.000000
-99.000000
-99.000000
-99.000000
-99.000000
-99.000000
-99.000000
-99.000000
-99.000000
-99.000000
-99.000000
-99.000000
-99.000000
-99.000000
-99.000000
-99.000000
-99.000000
-99.000000
-99.000000
-99.000000
-99.000000
-99.000000
-99.000000
-99.000000
-99.000000
-99.000000
-99.000000
-99.000000
-99.000000
-99.000000
-99.000000
-99.000000
-99.000000
-99.000000
-99.000000
-99.000000
-99.000000
-99.000000
-99.000000
-99.000000
-99.000000
-99.000000
-99.000000
-99.000000
-99.000000
-99.000000
-99.000000
-99.000000
-99.000000
-99.000000
-99.000000
-99.000000
-99.000000
-99.000000
-99.000000
-99.000000
-99.000000
-99.000000
-99.000000
-99.000000
-99.000000
-99.000000
-99.000000
-99.000000
-99.000000
-99.000000
-99.000000
-99.000000
-99.000000
-99.000000
-99.000000
-99.000000
-99.000000
-99.000000
-99.000000
-99.000000
-99.000000
-99.000000
-99.000000
-99.000000
-99.000000
-99.000000
-99.000000
-99.000000
-99.000000
-99.000000
-99.000000
-99.000000
-99.000000
-99.000000
-99.000000
-99.000000
-99.000000
-99.000000
-99.000000
-99.000000
-99.000000
-99.000000
-99.000000
-99.000000
-99.000000
-99.000000
-99.000000
-99.000000
-99.000000
-99.000000
-99.000000
-99.000000
-99.000000
-99.000000
-99.000000
-99.000000
-99.000000
-99.000000
-99.000000
-99.000000
-99.000000
-99.000000
-99.000000
-99.000000
-99.000000
-99.000000
-99.000000
-99.000000
-99.000000
-99.000000
-99.000000
-99.000000
-99.000000
-99.000000
-99.000000
-99.000000
-99.000000
-99.000000
-99.000000
-99.000000
-99.000000
-99.000000
-99.000000
-99.000000
-99.000000
-99.000000
-99.000000
-99.000000
-99.000000
-99.000000
-99.000000
-99.000000
-99.000000
-99.000000
-99.000000
-99.000000
-99.000000
-99.000000
-99.000000
-99.000000
-99.000000
-99.000000
-99.000000
-99.000000
-99.000000
-99.000000
-99.000000
-99.000000
-99.000000
-99.000000
-99.000000
-99.000000
-99.000000
-99.000000
-99.000000
-99.000000
-99.000000
-99.000000
-99.000000
-99.000000
-99.000000
-99.000000
-99.000000
-99.000000
-99.000000
-99.000000
-99.000000
-99.000000
-99.000000
-99.000000
-99.000000
-99.000000
-99.000000
-99.000000
-99.000000
-99.000000
-99.000000
-99.000000
-99.000000
-99.000000
-99.000000
-99.000000
-99.000000
-99.000000
-99.000000
-99.000000
-99.000000
-99.000000
-99.000000
-99.000000
-99.000000
-99.000000
-99.000000
-99.000000
-99.000000
-99.000000
-99.000000
-99.000000
-99.000000
-99.000000
-99.000000
-99.000000
-99.000000
-99.000000
-99.000000
-99.000000
-99.000000
-99.000000
-99.000000
-99.000000
-99.000000
-99.000000
-99.000000
-99.000000
-99.000000
-99.000000
-99.000000
-99.000000
-99.000000
-99.000000
-99.000000
-99.000000
-99.000000
-99.000000
-99.000000
-99.000000
-99.000000
-99.000000
-99.000000
-99.000000
-99.000000
-99.000000
-99.000000
-99.000000
-99.000000
-99.000000
-99.000000
-99.000000
-99.000000
-99.000000
-99.000000
-99.000000
-99.000000
-99.000000
-99.000000
-99.000000
-99.000000
-99.000000
-99.000000
-99.000000
-99.000000
-99.000000
-99.000000
-99.000000
-99.000000
-99.000000
-99.000000
-99.000000
-99.000000
-99.000000
-99.000000
-99.000000
-99.000000
-99.000000
-99.000000
-99.000000
-99.000000
-99.000000
-99.000000
-99.000000
-99.000000
-99.000000
-99.000000
-99.000000
-99.000000
-99.000000
-99.000000
-99.000000
-99.000000
-99.000000
-99.000000
-99.000000
-99.000000
-99.000000
-99.000000
-99.000000
-99.000000
-99.000000
-99.000000
-99.000000
-99.000000
-99.000000
-99.000000
-99.000000
-99.000000
-99.000000
-99.000000
-99.000000
-99.000000
-99.000000
-99.000000
-99.000000
-99.000000
-99.000000
-99.000000
-99.000000
-99.000000
-99.000000
-99.000000
-99.000000
-99.000000
-99.000000
-99.000000
-99.000000
-99.000000
-99.000000
-99.000000
-99.000000
-99.000000
-99.000000
-99.000000
-99.000000
-99.000000
-99.000000
-99.000000
-99.000000
-99.000000
-99.000000
-99.000000
-99.000000
-99.000000
-99.000000
-99.000000
-99.000000
-99.000000
-99.000000
-99.000000
-99.000000
-99.000000
-99.000000
-99.000000
-99.000000
-99.000000
-99.000000
-99.000000
-99.000000
-99.000000
-99.000000
-99.000000
-99.000000
-99.000000
-99.000000
-99.000000
-99.000000
-99.000000
-99.000000
-99.000000
-99.000000
-99.000000
-99.000000
-99.000000
-99.000000
-99.000000
-99.000000
-99.000000
-99.000000
-99.000000
-99.000000
-99.000000
-99.000000
-99.000000
-99.000000
-99.000000
-99.000000
-99.000000
-99.000000
-99.000000
-99.000000
-99.000000
-99.000000
-99.000000
-99.000000
-99.000000
-99.000000
-99.000000
-99.000000
-99.000000
-99.000000
-99.000000
-99.000000
-99.000000
-99.000000
-99.000000
-99.000000
-99.000000
-99.000000
-99.000000
-99.000000
-99.000000
-99.000000
-99.000000
-99.000000
-99.000000
-99.000000
-99.000000
-99.000000
-99.000000
-99.000000
-99.000000
-99.000000
-99.000000
-99.000000
-99.000000
-99.000000
-99.000000
-99.000000
-99.000000
-99.000000
-99.000000
-99.000000
-99.000000
-99.000000
-99.000000
-99.000000
-99.000000
-99.000000
-99.000000
-99.000000
-99.000000
-99.000000
-99.000000
-99.000000
-99.000000
-99.000000
-99.000000
-99.000000
-99.000000
-99.000000
-99.000000
-99.000000
-99.000000
-99.000000
-99.000000
-99.000000
-99.000000
-99.000000
-99.000000
-99.000000
-99.000000
-99.000000
-99.000000
-99.000000
-99.000000
-99.000000
-99.000000
-99.000000
-99.000000
-99.000000
-99.000000
-99.000000
-99.000000
-99.000000
-99.000000
-99.000000
-99.000000
-99.000000
-99.000000
-99.000000
-99.000000
-99.000000
-99.000000
-99.000000
-99.000000
-99.000000
-99.000000
-99.000000
-99.000000
-99.000000
-99.000000
-99.000000
-99.000000
-99.000000
-99.000000
-99.000000
-99.000000
-99.000000
-99.000000
-99.000000
-99.000000
-99.000000
-99.000000
-99.000000
-99.000000
-99.000000
-99.000000
-99.000000
-99.000000
-99.000000
-99.000000
-99.000000
-99.000000
-99.000000
-99.000000
-99.000000
-99.000000
-99.000000
-99.000000
-99.000000
-99.000000
-99.000000
-99.000000
-99.000000
-99.000000
-99.000000
-99.000000
-99.000000
-99.000000
-99.000000
-99.000000
-99.000000
-99.000000
-99.000000
-99.000000
-99.000000
-99.000000
-99.000000
-99.000000
-99.000000
-99.000000
-99.000000
-99.000000
-99.000000
-99.000000
-99.000000
-99.000000
-99.000000
-99.000000
-99.000000
-99.000000
-99.000000
-99.000000
-99.000000
-99.000000
-99.000000
-99.000000
-99.000000
-99.000000
-99.000000
-99.000000
-99.000000
-99.000000
-99.000000
-99.000000
-99.000000
-99.000000
-99.000000
-99.000000
-99.000000
-99.000000
-99.000000
-99.000000
-99.000000
-99.000000
-99.000000
-99.000000
-99.000000
-99.000000
-99.000000
-99.000000
-99.000000
-99.000000
-99.000000
-99.000000
-99.000000
-99.000000
-99.000000
-99.000000
-99.000000
-99.000000
-99.000000
-99.000000
-99.000000
-99.000000
-99.000000
-99.000000
-99.000000
-99.000000
-99.000000
-99.000000
-99.000000
-99.000000
-99.000000
-99.000000
-99.000000
-99.000000
-99.000000
-99.000000
-99.000000
-99.000000
-99.000000
-99.000000
-99.000000
-99.000000
-99.000000
-99.000000
-99.000000
-99.000000
-99.000000
-99.000000
-99.000000
-99.000000
-99.000000
-99.000000
-99.000000
-99.000000
-99.000000
-99.000000
-99.000000
-99.000000
-99.000000
-99.000000
-99.000000
-99.000000
-99.000000
-99.000000
-99.000000
-99.000000
-99.000000
-99.000000
-99.000000
-99.000000
-99.000000
-99.000000
-99.000000
-99.000000
-99.000000
-99.000000
-99.000000
-99.000000
-99.000000
-99.000000
-99.000000
-99.000000
-99.000000
-99.000000
-99.000000
-99.000000
-99.000000
-99.000000
-99.000000
-99.000000
-99.000000
-99.000000
-99.000000
-99.000000
-99.000000
-99.000000
-99.000000
-99.000000
-99.000000
-99.000000
-99.000000
-99.000000
-99.000000
-99.000000
-99.000000
-99.000000
-99.000000
-99.000000
-99.000000
-99.000000
-99.000000
-99.000000
-99.000000
-99.000000
-99.000000
-99.000000
-99.000000
-99.000000
-99.000000
-99.000000
-99.000000
-99.000000
-99.000000
-99.000000
-99.000000
-99.000000
-99.000000
-99.000000
-99.000000
-99.000000
-99.000000
-99.000000
-99.000000
-99.000000
-99.000000
-99.000000
-99.000000
-99.000000
-99.000000
-99.000000
-99.000000
-99.000000
-99.000000
-99.000000
-99.000000
-99.000000
-99.000000
-99.000000
-99.000000
-99.000000
-99.000000
-99.000000
-99.000000
-99.000000
-99.000000
-99.000000
-99.000000
-99.000000
-99.000000
-99.000000
-99.000000
-99.000000
-99.000000
-99.000000
-99.000000
-99.000000
-99.000000
-99.000000
-99.000000
-99.000000
-99.000000
-99.000000
-99.000000
-99.000000
-99.000000
-99.000000
-99.000000
-99.000000
-99.000000
-99.000000
-99.000000
-99.000000
-99.000000
-99.000000
-99.000000
-99.000000
-99.000000
-99.000000
-99.000000
-99.000000
-99.000000
-99.000000
-99.000000
-99.000000
-99.000000
-99.000000
-99.000000
-99.000000
-99.000000
-99.000000
-99.000000
-99.000000
-99.000000
-99.000000
-99.000000
-99.000000
-99.000000
-99.000000
-99.000000
-99.000000
-99.000000
-99.000000
-99.000000
-99.000000
-99.000000
-99.000000
-99.000000
-99.000000
-99.000000
-99.000000
-99.000000
-99.000000
-99.000000
-99.000000
-99.000000
-99.000000
-99.000000
-99.000000
-99.000000
-99.000000
-99.000000
-99.000000
-99.000000
-99.000000
-99.000000
-99.000000
-99.000000
-99.000000
-99.000000
-99.000000
-99.000000
-99.000000
-99.000000
-99.000000
-99.000000
-99.000000
-99.000000
-99.000000
-99.000000
-99.000000
-99.000000
-99.000000
-99.000000
-99.000000
-99.000000
-99.000000
-99.000000
-99.000000
-99.000000
-99.000000
-99.000000
-99.000000
-99.000000
-99.000000
-99.000000
-99.000000
-99.000000
-99.000000
-99.000000
-99.000000
-99.000000
-99.000000
-99.000000
-99.000000
-99.000000
-99.000000
-99.000000
-99.000000
-99.000000
-99.000000
-99.000000
-99.000000
-99.000000
-99.000000
-99.000000
-99.000000
-99.000000
-99.000000
-99.000000
-99.000000
-99.000000
-99.000000
-99.000000
-99.000000
-99.000000
-99.000000
-99.000000
-99.000000
-99.000000
-99.000000
-99.000000
-99.000000
-99.000000
-99.000000
-99.000000
-99.000000
-99.000000
-99.000000
-99.000000
-99.000000
-99.000000
-99.000000
-99.000000
-99.000000
-99.000000
-99.000000
-99.000000
-99.000000
-99.000000
-99.000000
-99.000000
-99.000000
-99.000000
-99.000000
-99.000000
-99.000000
-99.000000
-99.000000
-99.000000
-99.000000
-99.000000
-99.000000
-99.000000
-99.000000
-99.000000
-99.000000
-99.000000
-99.000000
-99.000000
-99.000000
-99.000000
-99.000000
-99.000000
-99.000000
-99.000000
-99.000000
-99.000000
-99.000000
-99.000000
-99.000000
-99.000000
-99.000000
-99.000000
-99.000000
-99.000000
-99.000000
-99.000000
-99.000000
-99.000000
-99.000000
-99.000000
-99.000000
-99.000000
-99.000000
-99.000000
-99.000000
-99.000000
-99.000000
-99.000000
-99.000000
-99.000000
-99.000000
-99.000000
-99.000000
-99.000000
-99.000000
-99.000000
-99.000000
-99.000000
-99.000000
-99.000000
-99.000000
-99.000000
-99.000000
-99.000000
-99.000000
-99.000000
-99.000000
-99.000000
-99.000000
-99.000000
-99.000000
-99.000000
-99.000000
-99.000000
-99.000000
-99.000000
-99.000000
-99.000000
-99.000000
-99.000000
-99.000000
-99.000000
-99.000000
-99.000000
-99.000000
-99.000000
-99.000000
-99.000000
-99.000000
-99.000000
-99.000000
-99.000000
-99.000000
-99.000000
-99.000000
-99.000000
-99.000000
-99.000000
-99.000000
-99.000000
-99.000000
-99.000000
-99.000000
-99.000000
-99.000000
-99.000000
-99.000000
-99.000000
-99.000000
-99.000000
-99.000000
-99.000000
-99.000000
-99.000000
-99.000000
-99.000000
-99.000000
-99.000000
-99.000000
-99.000000
-99.000000
-99.000000
-99.000000
-99.000000
-99.000000
-99.000000
-99.000000
-99.000000
-99.000000
-99.000000
-99.000000
-99.000000
-99.000000
-99.000000
-99.000000
-99.000000
-99.000000
-99.000000
-99.000000
-99.000000
-99.000000
-99.000000
-99.000000
-99.000000
-99.000000
-99.000000
-99.000000
-99.000000
-99.000000
-99.000000
-99.000000
-99.000000
-99.000000
-99.000000
-99.000000
-99.000000
-99.000000
-99.000000
-99.000000
-99.000000
-99.000000
-99.000000
-99.000000
-99.000000
-99.000000
-99.000000
-99.000000
-99.000000
-99.000000
-99.000000
-99.000000
-99.000000
-99.000000
-99.000000
-99.000000
-99.000000
-99.000000
-99.000000
-99.000000
-99.000000
-99.000000
-99.000000
-99.000000
-99.000000
-99.000000
-99.000000
-99.000000
-99.000000
-99.000000
-99.000000
-99.000000
-99.000000
-99.000000
-99.000000
-99.000000
-99.000000
-99.000000
-99.000000
-99.000000
-99.000000
-99.000000
-99.000000
-99.000000
-99.000000
-99.000000
-99.000000
-99.000000
-99.000000
-99.000000
-99.000000
-99.000000
-99.000000
-99.000000
-99.000000
-99.000000
-99.000000
-99.000000
-99.000000
-99.000000
-99.000000
-99.000000
-99.000000
-99.000000
-99.000000
-99.000000
-99.000000
-99.000000
-99.000000
-99.000000
-99.000000
-99.000000
-99.000000
-99.000000
-99.000000
-99.000000
-99.000000
-99.000000
-99.000000
-99.000000
-99.000000
-99.000000
-99.000000
-99.000000
-99.000000
-99.000000
-99.000000
-99.000000
-99.000000
-99.000000
-99.000000
-99.000000
-99.000000
-99.000000
-99.000000
-99.000000
-99.000000
-99.000000
-99.000000
-99.000000
-99.000000
-99.000000
-99.000000
-99.000000
-99.000000
-99.000000
-99.000000
-99.000000
-99.000000
-99.000000
-99.000000
-99.000000
-99.000000
-99.000000
-99.000000
-99.000000
-99.000000
-99.000000
-99.000000
-99.000000
-99.000000
-99.000000
-99.000000
-99.000000
-99.000000
-99.000000
-99.000000
-99.000000
-99.000000
-99.000000
-99.000000
-99.000000
-99.000000
-99.000000
-99.000000
-99.000000
-99.000000
-99.000000
-99.000000
-99.000000
-99.000000
-99.000000
-99.000000
-99.000000
-99.000000
-99.000000
-99.000000
-99.000000
-99.000000
-99.000000
-99.000000
-99.000000
-99.000000
-99.000000
-99.000000
-99.000000
-99.000000
-99.000000
-99.000000
-99.000000
-99.000000
-99.000000
-99.000000
-99.000000
-99.000000
-99.000000
-99.000000
-99.000000
-99.000000
-99.000000
-99.000000
-99.000000
-99.000000
-99.000000
-99.000000
-99.000000
-99.000000
-99.000000
-99.000000
-99.000000
-99.000000
-99.000000
-99.000000
-99.000000
-99.000000
-99.000000
-99.000000
-99.000000
-99.000000
-99.000000
-99.000000
-99.000000
-99.000000
-99.000000
-99.000000
-99.000000
-99.000000
-99.000000
-99.000000
-99.000000
-99.000000
-99.000000
-99.000000
-99.000000
-99.000000
-99.000000
-99.000000
-99.000000
-99.000000
-99.000000
-99.000000
-99.000000
-99.000000
-99.000000
-99.000000
-99.000000
-99.000000
-99.000000
-99.000000
-99.000000
-99.000000
-99.000000
-99.000000
-99.000000
-99.000000
-99.000000
-99.000000
-99.000000
-99.000000
-99.000000
-99.000000
-99.000000
-99.000000
-99.000000
-99.000000
-99.000000
-99.000000
-99.000000
-99.000000
-99.000000
-99.000000
-99.000000
-99.000000
-99.000000
-99.000000
-99.000000
-99.000000
-99.000000
-99.000000
-99.000000
-99.000000
-99.000000
-99.000000
-99.000000
-99.000000
-99.000000
-99.000000
-99.000000
-99.000000
-99.000000
-99.000000
-99.000000
-99.000000
-99.000000
-99.000000
-99.000000
-99.000000
-99.000000
-99.000000
-99.000000
-99.000000
-99.000000
-99.000000
-99.000000
-99.000000
-99.000000
-99.000000
-99.000000
-99.000000
-99.000000
-99.000000
-99.000000
-99.000000
-99.000000
-99.000000
-99.000000
-99.000000
-99.000000
-99.000000
-99.000000
-99.000000
-99.000000
-99.000000
-99.000000
-99.000000
-99.000000
-99.000000
-99.000000
-99.000000
-99.000000
-99.000000
-99.000000
-99.000000
-99.000000
-99.000000
-99.000000
-99.000000
-99.000000
-99.000000
-99.000000
-99.000000
-99.000000
-99.000000
-99.000000
-99.000000
-99.000000
-99.000000
-99.000000
-99.000000
-99.000000
-99.000000
-99.000000
-99.000000
-99.000000
-99.000000
-99.000000
-99.000000
-99.000000
-99.000000
-99.000000
-99.000000
-99.000000
-99.000000
-99.000000
-99.000000
-99.000000
-99.000000
-99.000000
-99.000000
-99.000000
-99.000000
-99.000000
-99.000000
-99.000000
-99.000000
-99.000000
-99.000000
-99.000000
-99.000000
-99.000000
-99.000000
-99.000000
-99.000000
-99.000000
-99.000000
-99.000000
-99.000000
-99.000000
-99.000000
-99.000000
-99.000000
-99.000000
-99.000000
-99.000000
-99.000000
-99.000000
-99.000000
-99.000000
-99.000000
-99.000000
-99.000000
-99.000000
-99.000000
-99.000000
-99.000000
-99.000000
-99.000000
-99.000000
-99.000000
-99.000000
-99.000000
-99.000000
-99.000000
-99.000000
-99.000000
-99.000000
-99.000000
-99.000000
-99.000000
-99.000000
-99.000000
-99.000000
-99.000000
-99.000000
-99.000000
-99.000000
-99.000000
-99.000000
-99.000000
-99.000000
-99.000000
-99.000000
-99.000000
-99.000000
-99.000000
-99.000000
-99.000000
-99.000000
-99.000000
-99.000000
-99.000000
-99.000000
-99.000000
-99.000000
-99.000000
-99.000000
-99.000000
-99.000000
-99.000000
-99.000000
-99.000000
-99.000000
-99.000000
-99.000000
-99.000000
-99.000000
-99.000000
-99.000000
-99.000000
-99.000000
-99.000000
-99.000000
-99.000000
-99.000000
-99.000000
-99.000000
-99.000000
-99.000000
-99.000000
-99.000000
-99.000000
-99.000000
-99.000000
-99.000000
-99.000000
-99.000000
-99.000000
-99.000000
-99.000000
-99.000000
-99.000000
-99.000000
-99.000000
-99.000000
-99.000000
-99.000000
-99.000000
-99.000000
-99.000000
-99.000000
-99.000000
-99.000000
-99.000000
-99.000000
-99.000000
-99.000000
-99.000000
-99.000000
-99.000000
-99.000000
-99.000000
-99.000000
-99.000000
-99.000000
-99.000000
-99.000000
-99.000000
-99.000000
-99.000000
-99.000000
-99.000000
-99.000000
-99.000000
-99.000000
-99.000000
-99.000000
-99.000000
-99.000000
-99.000000
-99.000000
-99.000000
-99.000000
-99.000000
-99.000000
-99.000000
-99.000000
-99.000000
-99.000000
-99.000000
-99.000000
-99.000000
-99.000000
-99.000000
-99.000000
-99.000000
-99.000000
-99.000000
-99.000000
-99.000000
-99.000000
-99.000000
-99.000000
-99.000000
-99.000000
-99.000000
-99.000000
-99.000000
-99.000000
-99.000000
-99.000000
-99.000000
-99.000000
-99.000000
-99.000000
-99.000000
-99.000000
-99.000000
-99.000000
-99.000000
-99.000000
-99.000000
-99.000000
-99.000000
-99.000000
-99.000000
-99.000000
-99.000000
-99.000000
-99.000000
-99.000000
-99.000000
-99.000000
-99.000000
-99.000000
-99.000000
-99.000000
-99.000000
-99.000000
-99.000000
-99.000000
-99.000000
-99.000000
-99.000000
-99.000000
-99.000000
-99.000000
-99.000000
-99.000000
-99.000000
-99.000000
-99.000000
-99.000000
-99.000000
-99.000000
-99.000000
-99.000000
-99.000000
-99.000000
-99.000000
-99.000000
-99.000000
-99.000000
-99.000000
-99.000000
-99.000000
-99.000000
-99.000000
-99.000000
-99.000000
-99.000000
-99.000000
-99.000000
-99.000000
-99.000000
-99.000000
-99.000000
-99.000000
-99.000000
-99.000000
-99.000000
-99.000000
-99.000000
-99.000000
-99.000000
-99.000000
-99.000000
-99.000000
-99.000000
-99.000000
-99.000000
-99.000000
-99.000000
-99.000000
-99.000000
-99.000000
-99.000000
-99.000000
-99.000000
-99.000000
-99.000000
-99.000000
-99.000000
-99.000000
-99.000000
-99.000000
-99.000000
-99.000000
-99.000000
-99.000000
-99.000000
-99.000000
-99.000000
-99.000000
-99.000000
-99.000000
-99.000000
-99.000000
-99.000000
-99.000000
-99.000000
-99.000000
-99.000000
-99.000000
-99.000000
-99.000000
-99.000000
-99.000000
-99.000000
-99.000000
-99.000000
-99.000000
-99.000000
-99.000000
-99.000000
-99.000000
-99.000000
-99.000000
-99.000000
-99.000000
-99.000000
-99.000000
-99.000000
-99.000000
-99.000000
-99.000000
-99.000000
-99.000000
-99.000000
-99.000000
-99.000000
-99.000000
-99.000000
-99.000000
-99.000000
-99.000000
-99.000000
-99.000000
-99.000000
-99.000000
-99.000000
-99.000000
-99.000000
-99.000000
-99.000000
-99.000000
-99.000000
-99.000000
-99.000000
-99.000000
-99.000000
-99.000000
-99.000000
-99.000000
-99.000000
-99.000000
-99.000000
-99.000000
-99.000000
-99.000000
-99.000000
-99.000000
-99.000000
-99.000000
-99.000000
-99.000000
-99.000000
-99.000000
-99.000000
-99.000000
-99.000000
-99.000000
-99.000000
-99.000000
-99.000000
-99.000000
-99.000000
-99.000000
-99.000000
-99.000000
-99.000000
-99.000000
-99.000000
-99.000000
-99.000000
-99.000000
-99.000000
-99.000000
-99.000000
-99.000000
-99.000000
-99.000000
-99.000000
-99.000000
-99.000000
-99.000000
-99.000000
-99.000000
-99.000000
-99.000000
-99.000000
-99.000000
-99.000000
-99.000000
-99.000000
-99.000000
-99.000000
-99.000000
-99.000000
-99.000000
-99.000000
-99.000000
-99.000000
-99.000000
-99.000000
-99.000000
-99.000000
-99.000000
-99.000000
-99.000000
-99.000000
-99.000000
-99.000000
-99.000000
-99.000000
-99.000000
-99.000000
-99.000000
-99.000000
-99.000000
-99.000000
-99.000000
-99.000000
-99.000000
-99.000000
-99.000000
-99.000000
-99.000000
-99.000000
-99.000000
-99.000000
-99.000000
-99.000000
-99.000000
-99.000000
-99.000000
-99.000000
-99.000000
-99.000000
-99.000000
-99.000000
-99.000000
-99.000000
-99.000000
-99.000000
-99.000000
-99.000000
-99.000000
-99.000000
-99.000000
-99.000000
-99.000000
-99.000000
-99.000000
-99.000000
-99.000000
-99.000000
-99.000000
-99.000000
-99.000000
-99.000000
-99.000000
-99.000000
-99.000000
-99.000000
-99.000000
-99.000000
-99.000000
-99.000000
-99.000000
-99.000000
-99.000000
-99.000000
-99.000000
-99.000000
-99.000000
-99.000000
-99.000000
-99.000000
-99.000000
-99.000000
-99.000000
-99.000000
-99.000000
-99.000000
-99.000000
-99.000000
-99.000000
-99.000000
-99.000000
-99.000000
-99.000000
-99.000000
-99.000000
-99.000000
-99.000000
-99.000000
-99.000000
-99.000000
-99.000000
-99.000000
-99.000000
-99.000000
-99.000000
-99.000000
-99.000000
-99.000000
-99.000000
-99.000000
-99.000000
-99.000000
-99.000000
-99.000000
-99.000000
-99.000000
-99.000000
-99.000000
-99.000000
-99.000000
-99.000000
-99.000000
-99.000000
-99.000000
-99.000000
-99.000000
-99.000000
-99.000000
-99.000000
-99.000000
-99.000000
-99.000000
-99.000000
-99.000000
-99.000000
-99.000000
-99.000000
-99.000000
-99.000000
-99.000000
-99.000000
-99.000000
-99.000000
-99.000000
-99.000000
-99.000000
-99.000000
-99.000000
-99.000000
-99.000000
-99.000000
-99.000000
-99.000000
-99.000000
-99.000000
-99.000000
-99.000000
-99.000000
-99.000000
-99.000000
-99.000000
-99.000000
-99.000000
-99.000000
-99.000000
-99.000000
-99.000000
-99.000000
-99.000000
-99.000000
-99.000000
-99.000000
-99.000000
-99.000000
-99.000000
-99.000000
-99.000000
-99.000000
-99.000000
-99.000000
-99.000000
-99.000000
-99.000000
-99.000000
-99.000000
-99.000000
-99.000000
-99.000000
-99.000000
-99.000000
-99.000000
-99.000000
-99.000000
-99.000000
-99.000000
-99.000000
-99.000000
-99.000000
-99.000000
-99.000000
-99.000000
-99.000000
-99.000000
-99.000000
-99.000000
-99.000000
-99.000000
-99.000000
-99.000000
-99.000000
-99.000000
-99.000000
-99.000000
-99.000000
-99.000000
-99.000000
-99.000000
-99.000000
-99.000000
-99.000000
-99.000000
-99.000000
-99.000000
-99.000000
-99.000000
-99.000000
-99.000000
-99.000000
-99.000000
-99.000000
-99.000000
-99.000000
-99.000000
-99.000000
-99.000000
-99.000000
-99.000000
-99.000000
-99.000000
-99.000000
-99.000000
-99.000000
-99.000000
-99.000000
-99.000000
-99.000000
-99.000000
-99.000000
-99.000000
-99.000000
-99.000000
-99.000000
-99.000000
-99.000000
-99.000000
-99.000000
-99.000000
-99.000000
-99.000000
-99.000000
-99.000000
-99.000000
-99.000000
-99.000000
-99.000000
-99.000000
-99.000000
-99.000000
-99.000000
-99.000000
-99.000000
-99.000000
-99.000000
-99.000000
-99.000000
-99.000000
-99.000000
-99.000000
-99.000000
-99.000000
-99.000000
-99.000000
-99.000000
-99.000000
-99.000000
-99.000000
-99.000000
-99.000000
-99.000000
-99.000000
-99.000000
-99.000000
-99.000000
-99.000000
-99.000000
-99.000000
-99.000000
-99.000000
-99.000000
-99.000000
-99.000000
-99.000000
-99.000000
-99.000000
-99.000000
-99.000000
-99.000000
-99.000000
-99.000000
-99.000000
-99.000000
-99.000000
-99.000000
-99.000000
-99.000000
-99.000000
-99.000000
-99.000000
-99.000000
-99.000000
-99.000000
-99.000000
-99.000000
-99.000000
-99.000000
-99.000000
-99.000000
-99.000000
-99.000000
-99.000000
-99.000000
-99.000000
-99.000000
-99.000000
-99.000000
-99.000000
-99.000000
-99.000000
-99.000000
-99.000000
-99.000000
-99.000000
-99.000000
-99.000000
-99.000000
-99.000000
-99.000000
-99.000000
-99.000000
-99.000000
-99.000000
-99.000000
-99.000000
-99.000000
-99.000000
-99.000000
-99.000000
-99.000000
-99.000000
-99.000000
-99.000000
-99.000000
-99.000000
-99.000000
-99.000000
-99.000000
-99.000000
-99.000000
-99.000000
-99.000000
-99.000000
-99.000000
-99.000000
-99.000000
-99.000000
-99.000000
-99.000000
-99.000000
-99.000000
-99.000000
-99.000000
-99.000000
-99.000000
-99.000000
-99.000000
-99.000000
-99.000000
-99.000000
-99.000000
-99.000000
-99.000000
-99.000000
-99.000000
-99.000000
-99.000000
-99.000000
-99.000000
-99.000000
-99.000000
-99.000000
-99.000000
-99.000000
-99.000000
-99.000000
-99.000000
-99.000000
-99.000000
-99.000000
-99.000000
-99.000000
-99.000000
-99.000000
-99.000000
-99.000000
-99.000000
-99.000000
-99.000000
-99.000000
-99.000000
-99.000000
-99.000000
-99.000000
-99.000000
-99.000000
-99.000000
-99.000000
-99.000000
-99.000000
-99.000000
-99.000000
-99.000000
-99.000000
-99.000000
-99.000000
-99.000000
-99.000000
-99.000000
-99.000000
-99.000000
-99.000000
-99.000000
-99.000000
-99.000000
-99.000000
-99.000000
-99.000000
-99.000000
-99.000000
-99.000000
-99.000000
-99.000000
-99.000000
-99.000000
-99.000000
-99.000000
-99.000000
-99.000000
-99.000000
-99.000000
-99.000000
-99.000000
-99.000000
-99.000000
-99.000000
-99.000000
-99.000000
-99.000000
-99.000000
-99.000000
-99.000000
-99.000000
-99.000000
-99.000000
-99.000000
-99.000000
-99.000000
-99.000000
-99.000000
-99.000000
-99.000000
-99.000000
-99.000000
-99.000000
-99.000000
-99.000000
-99.000000
-99.000000
-99.000000
-99.000000
-99.000000
-99.000000
-99.000000
-99.000000
-99.000000
-99.000000
-99.000000
-99.000000
-99.000000
-99.000000
-99.000000
-99.000000
-99.000000
-99.000000
-99.000000
-99.000000
-99.000000
-99.000000
-99.000000
-99.000000
-99.000000
-99.000000
-99.000000
-99.000000
-99.000000
-99.000000
-99.000000
-99.000000
-99.000000
-99.000000
-99.000000
-99.000000
-99.000000
-99.000000
-99.000000
-99.000000
-99.000000
-99.000000
-99.000000
-99.000000
-99.000000
-99.000000
-99.000000
-99.000000
-99.000000
-99.000000
-99.000000
-99.000000
-99.000000
-99.000000
-99.000000
-99.000000
-99.000000
-99.000000
-99.000000
-99.000000
-99.000000
-99.000000
-99.000000
-99.000000
-99.000000
-99.000000
-99.000000
-99.000000
-99.000000
-99.000000
-99.000000
-99.000000
-99.000000
-99.000000
-99.000000
-99.000000
-99.000000
-99.000000
-99.000000
-99.000000
-99.000000
-99.000000
-99.000000
-99.000000
-99.000000
-99.000000
-99.000000
-99.000000
-99.000000
-99.000000
-99.000000
-99.000000
-99.000000
-99.000000
-99.000000
-99.000000
-99.000000
-99.000000
-99.000000
-99.000000
-99.000000
-99.000000
-99.000000
-99.000000
-99.000000
-99.000000
-99.000000
-99.000000
-99.000000
-99.000000
-99.000000
-99.000000
-99.000000
-99.000000
-99.000000
-99.000000
-99.000000
-99.000000
-99.000000
-99.000000
-99.000000
-99.000000
-99.000000
-99.000000
-99.000000
-99.000000
-99.000000
-99.000000
-99.000000
-99.000000
-99.000000
-99.000000
-99.000000
-99.000000
-99.000000
-99.000000
-99.000000
-99.000000
-99.000000
-99.000000
-99.000000
-99.000000
-99.000000
-99.000000
-99.000000
-99.000000
-99.000000
-99.000000
-99.000000
-99.000000
-99.000000
-99.000000
-99.000000
-99.000000
-99.000000
-99.000000
-99.000000
-99.000000
-99.000000
-99.000000
-99.000000
-99.000000
-99.000000
-99.000000
-99.000000
-99.000000
-99.000000
-99.000000
-99.000000
-99.000000
-99.000000
-99.000000
-99.000000
-99.000000
-99.000000
-99.000000
-99.000000
-99.000000
-99.000000
-99.000000
-99.000000
-99.000000
-99.000000
-99.000000
-99.000000
-99.000000
-99.000000
-99.000000
-99.000000
-99.000000
-99.000000
-99.000000
-99.000000
-99.000000
-99.000000
-99.000000
-99.000000
-99.000000
-99.000000
-99.000000
-99.000000
-99.000000
-99.000000
-99.000000
-99.000000
-99.000000
-99.000000
-99.000000
-99.000000
-99.000000
-99.000000
-99.000000
-99.000000
-99.000000
-99.000000
-99.000000
-99.000000
-99.000000
-99.000000
-99.000000
-99.000000
-99.000000
-99.000000
-99.000000
-99.000000
-99.000000
-99.000000
-99.000000
-99.000000
-99.000000
-99.000000
-99.000000
-99.000000
-99.000000
-99.000000
-99.000000
-99.000000
-99.000000
-99.000000
-99.000000
-99.000000
-99.000000
-99.000000
-99.000000
-99.000000
-99.000000
-99.000000
-99.000000
-99.000000
-99.000000
-99.000000
-99.000000
-99.000000
-99.000000
-99.000000
-99.000000
-99.000000
-99.000000
-99.000000
-99.000000
-99.000000
-99.000000
-99.000000
-99.000000
-99.000000
-99.000000
-99.000000
-99.000000
-99.000000
-99.000000
-99.000000
-99.000000
-99.000000
-99.000000
-99.000000
-99.000000
-99.000000
-99.000000
-99.000000
-99.000000
-99.000000
-99.000000
-99.000000
-99.000000
-99.000000
-99.000000
-99.000000
-99.000000
-99.000000
-99.000000
-99.000000
-99.000000
-99.000000
-99.000000
-99.000000
-99.000000
-99.000000
-99.000000
-99.000000
-99.000000
-99.000000
-99.000000
-99.000000
-99.000000
-99.000000
-99.000000
-99.000000
-99.000000
-99.000000
-99.000000
-99.000000
-99.000000
-99.000000
-99.000000
-99.000000
-99.000000
-99.000000
-99.000000
-99.000000
-99.000000
-99.000000
-99.000000
-99.000000
-99.000000
-99.000000
-99.000000
-99.000000
-99.000000
-99.000000
-99.000000
-99.000000
-99.000000
-99.000000
-99.000000
-99.000000
-99.000000
-99.000000
-99.000000
-99.000000
-99.000000
-99.000000
-99.000000
-99.000000
-99.000000
-99.000000
-99.000000
-99.000000
-99.000000
-99.000000
-99.000000
-99.000000
-99.000000
-99.000000
-99.000000
-99.000000
-99.000000
-99.000000
-99.000000
-99.000000
-99.000000
-99.000000
-99.000000
-99.000000
-99.000000
-99.000000
-99.000000
-99.000000
-99.000000
-99.000000
-99.000000
-99.000000
-99.000000
-99.000000
-99.000000
-99.000000
-99.000000
-99.000000
-99.000000
-99.000000
-99.000000
-99.000000
-99.000000
-99.000000
-99.000000
-99.000000
-99.000000
-99.000000
-99.000000
-99.000000
-99.000000
-99.000000
-99.000000
-99.000000
-99.000000
-99.000000
-99.000000
-99.000000
-99.000000
-99.000000
-99.000000
-99.000000
-99.000000
-99.000000
-99.000000
-99.000000
-99.000000
-99.000000
-99.000000
-99.000000
-99.000000
-99.000000
-99.000000
-99.000000
-99.000000
-99.000000
-99.000000
-99.000000
-99.000000
-99.000000
-99.000000
-99.000000
-99.000000
-99.000000
-99.000000
-99.000000
-99.000000
-99.000000
-99.000000
-99.000000
-99.000000
-99.000000
-99.000000
-99.000000
-99.000000
-99.000000
-99.000000
-99.000000
-99.000000
-99.000000
-99.000000
-99.000000
-99.000000
-99.000000
-99.000000
-99.000000
-99.000000
-99.000000
-99.000000
-99.000000
-99.000000
-99.000000
-99.000000
-99.000000
-99.000000
-99.000000
-99.000000
-99.000000
-99.000000
-99.000000
-99.000000
-99.000000
-99.000000
-99.000000
-99.000000
-99.000000
-99.000000
-99.000000
-99.000000
-99.000000
-99.000000
-99.000000
-99.000000
-99.000000
-99.000000
-99.000000
-99.000000
-99.000000
-99.000000
-99.000000
-99.000000
-99.000000
-99.000000
-99.000000
-99.000000
-99.000000
-99.000000
-99.000000
-99.000000
-99.000000
-99.000000
-99.000000
-99.000000
-99.000000
-99.000000
-99.000000
-99.000000
-99.000000
-99.000000
-99.000000
-99.000000
-99.000000
-99.000000
-99.000000
-99.000000
-99.000000
-99.000000
-99.000000
-99.000000
-99.000000
-99.000000
-99.000000
-99.000000
-99.000000
-99.000000
-99.000000
-99.000000
-99.000000
-99.000000
-99.000000
-99.000000
-99.000000
-99.000000
-99.000000
-99.000000
-99.000000
-99.000000
-99.000000
-99.000000
-99.000000
-99.000000
-99.000000
-99.000000
-99.000000
-99.000000
-99.000000
-99.000000
-99.000000
-99.000000
-99.000000
-99.000000
-99.000000
-99.000000
-99.000000
-99.000000
-99.000000
-99.000000
-99.000000
-99.000000
-99.000000
-99.000000
-99.000000
-99.000000
-99.000000
-99.000000
-99.000000
-99.000000
-99.000000
-99.000000
-99.000000
-99.000000
-99.000000
-99.000000
-99.000000
-99.000000
-99.000000
-99.000000
-99.000000
-99.000000
-99.000000
-99.000000
-99.000000
-99.000000
-99.000000
-99.000000
-99.000000
-99.000000
-99.000000
-99.000000
-99.000000
-99.000000
-99.000000
-99.000000
-99.000000
-99.000000
-99.000000
-99.000000
-99.000000
-99.000000
-99.000000
-99.000000
-99.000000
-99.000000
-99.000000
-99.000000
-99.000000
-99.000000
-99.000000
-99.000000
-99.000000
-99.000000
-99.000000
-99.000000
-99.000000
-99.000000
-99.000000
-99.000000
-99.000000
-99.000000
-99.000000
-99.000000
-99.000000
-99.000000
-99.000000
-99.000000
-99.000000
-99.000000
-99.000000
-99.000000
-99.000000
-99.000000
-99.000000
-99.000000
-99.000000
-99.000000
-99.000000
-99.000000
-99.000000
-99.000000
-99.000000
-99.000000
-99.000000
-99.000000
-99.000000
-99.000000
-99.000000
-99.000000
-99.000000
-99.000000
-99.000000
-99.000000
-99.000000
-99.000000
-99.000000
-99.000000
-99.000000
-99.000000
-99.000000
-99.000000
-99.000000
-99.000000
-99.000000
-99.000000
-99.000000
-99.000000
-99.000000
-99.000000
-99.000000
-99.000000
-99.000000
-99.000000
-99.000000
-99.000000
-99.000000
-99.000000
-99.000000
-99.000000
-99.000000
-99.000000
-99.000000
-99.000000
-99.000000
-99.000000
-99.000000
-99.000000
-99.000000
-99.000000
-99.000000
-99.000000
-99.000000
-99.000000
-99.000000
-99.000000
-99.000000
-99.000000
-99.000000
-99.000000
-99.000000
-99.000000
-99.000000
-99.000000
-99.000000
-99.000000
-99.000000
-99.000000
-99.000000
-99.000000
-99.000000
-99.000000
-99.000000
-99.000000
-99.000000
-99.000000
-99.000000
-99.000000
-99.000000
-99.000000
-99.000000
-99.000000
-99.000000
-99.000000
-99.000000
-99.000000
-99.000000
-99.000000
-99.000000
-99.000000
-99.000000
-99.000000
-99.000000
-99.000000
-99.000000
-99.000000
-99.000000
-99.000000
-99.000000
-99.000000
-99.000000
-99.000000
-99.000000
-99.000000
-99.000000
-99.000000
-99.000000
-99.000000
-99.000000
-99.000000
-99.000000
-99.000000
-99.000000
-99.000000
-99.000000
-99.000000
-99.000000
-99.000000
-99.000000
-99.000000
-99.000000
-99.000000
-99.000000
-99.000000
-99.000000
-99.000000
-99.000000
-99.000000
-99.000000
-99.000000
-99.000000
-99.000000
-99.000000
-99.000000
-99.000000
-99.000000
-99.000000
-99.000000
-99.000000
-99.000000
-99.000000
-99.000000
-99.000000
-99.000000
-99.000000
-99.000000
-99.000000
-99.000000
-99.000000
-99.000000
-99.000000
-99.000000
-99.000000
-99.000000
-99.000000
-99.000000
-99.000000
-99.000000
-99.000000
-99.000000
-99.000000
-99.000000
-99.000000
-99.000000
-99.000000
-99.000000
-99.000000
-99.000000
-99.000000
-99.000000
-99.000000
-99.000000
-99.000000
-99.000000
-99.000000
-99.000000
-99.000000
-99.000000
-99.000000
-99.000000
-99.000000
-99.000000
-99.000000
-99.000000
-99.000000
-99.000000
-99.000000
-99.000000
-99.000000
-99.000000
-99.000000
-99.000000
-99.000000
-99.000000
-99.000000
-99.000000
-99.000000
-99.000000
-99.000000
-99.000000
-99.000000
-99.000000
-99.000000
-99.000000
-99.000000
-99.000000
-99.000000
-99.000000
-99.000000
-99.000000
-99.000000
-99.000000
-99.000000
-99.000000
-99.000000
-99.000000
-99.000000
-99.000000
-99.000000
-99.000000
-99.000000
-99.000000
-99.000000
-99.000000
-99.000000
-99.000000
-99.000000
-99.000000
-99.000000
-99.000000
-99.000000
-99.000000
-99.000000
-99.000000
-99.000000
-99.000000
-99.000000
-99.000000
-99.000000
-99.000000
-99.000000
-99.000000
-99.000000
-99.000000
-99.000000
-99.000000
-99.000000
-99.000000
-99.000000
-99.000000
-99.000000
-99.000000
-99.000000
-99.000000
-99.000000
-99.000000
-99.000000
-99.000000
-99.000000
-99.000000
-99.000000
-99.000000
-99.000000
-99.000000
-99.000000
-99.000000
-99.000000
-99.000000
-99.000000
-99.000000
-99.000000
-99.000000
-99.000000
-99.000000
-99.000000
-99.000000
-99.000000
-99.000000
-99.000000
-99.000000
-99.000000
-99.000000
-99.000000
-99.000000
-99.000000
-99.000000
-99.000000
-99.000000
-99.000000
-99.000000
-99.000000
-99.000000
-99.000000
-99.000000
-99.000000
-99.000000
-99.000000
-99.000000
-99.000000
-99.000000
-99.000000
-99.000000
-99.000000
-99.000000
-99.000000
-99.000000
-99.000000
-99.000000
-99.000000
-99.000000
-99.000000
-99.000000
-99.000000
-99.000000
-99.000000
-99.000000
-99.000000
-99.000000
-99.000000
-99.000000
-99.000000
-99.000000
-99.000000
-99.000000
-99.000000
-99.000000
-99.000000
-99.000000
-99.000000
-99.000000
-99.000000
-99.000000
-99.000000
-99.000000
-99.000000
-99.000000
-99.000000
-99.000000
-99.000000
-99.000000
-99.000000
-99.000000
-99.000000
-99.000000
-99.000000
-99.000000
-99.000000
-99.000000
-99.000000
-99.000000
-99.000000
-99.000000
-99.000000
-99.000000
-99.000000
-99.000000
-99.000000
-99.000000
-99.000000
-99.000000
-99.000000
-99.000000
-99.000000
-99.000000
-99.000000
-99.000000
-99.000000
-99.000000
-99.000000
-99.000000
-99.000000
-99.000000
-99.000000
-99.000000
-99.000000
-99.000000
-99.000000
-99.000000
-99.000000
-99.000000
-99.000000
-99.000000
-99.000000
-99.000000
-99.000000
-99.000000
-99.000000
-99.000000
-99.000000
-99.000000
-99.000000
-99.000000
-99.000000
-99.000000
-99.000000
-99.000000
-99.000000
-99.000000
-99.000000
-99.000000
-99.000000
-99.000000
-99.000000
-99.000000
-99.000000
-99.000000
-99.000000
-99.000000
-99.000000
-99.000000
-99.000000
-99.000000
-99.000000
-99.000000
-99.000000
-99.000000
-99.000000
-99.000000
-99.000000
-99.000000
-99.000000
-99.000000
-99.000000
-99.000000
-99.000000
-99.000000
-99.000000
-99.000000
-99.000000
-99.000000
-99.000000
-99.000000
-99.000000
-99.000000
-99.000000
-99.000000
-99.000000
-99.000000
-99.000000
-99.000000
-99.000000
-99.000000
-99.000000
-99.000000
-99.000000
-99.000000
-99.000000
-99.000000
-99.000000
-99.000000
-99.000000
-99.000000
-99.000000
-99.000000
-99.000000
-99.000000
-99.000000
-99.000000
-99.000000
-99.000000
-99.000000
-99.000000
-99.000000
-99.000000
-99.000000
-99.000000
-99.000000
-99.000000
-99.000000
-99.000000
-99.000000
-99.000000
-99.000000
-99.000000
-99.000000
-99.000000
-99.000000
-99.000000
-99.000000
-99.000000
-99.000000
-99.000000
-99.000000
-99.000000
-99.000000
-99.000000
-99.000000
-99.000000
-99.000000
-99.000000
-99.000000
-99.000000
-99.000000
-99.000000
-99.000000
-99.000000
-99.000000
-99.000000
-99.000000
-99.000000
-99.000000
-99.000000
-99.000000
-99.000000
-99.000000
-99.000000
-99.000000
-99.000000
-99.000000
-99.000000
-99.000000
-99.000000
-99.000000
-99.000000
-99.000000
-99.000000
-99.000000
-99.000000
-99.000000
-99.000000
-99.000000
-99.000000
-99.000000
-99.000000
-99.000000
-99.000000
-99.000000
-99.000000
-99.000000
-99.000000
-99.000000
-99.000000
-99.000000
-99.000000
-99.000000
-99.000000
-99.000000
-99.000000
-99.000000
-99.000000
-99.000000
-99.000000
-99.000000
-99.000000
-99.000000
-99.000000
-99.000000
-99.000000
-99.000000
-99.000000
-99.000000
-99.000000
-99.000000
-99.000000
-99.000000
-99.000000
-99.000000
-99.000000
-99.000000
-99.000000
-99.000000
-99.000000
-99.000000
-99.000000
-99.000000
-99.000000
-99.000000
-99.000000
-99.000000
-99.000000
-99.000000
-99.000000
-99.000000
-99.000000
-99.000000
-99.000000
-99.000000
-99.000000
-99.000000
-99.000000
-99.000000
-99.000000
-99.000000
-99.000000
-99.000000
-99.000000
-99.000000
-99.000000
-99.000000
-99.000000
-99.000000
-99.000000
-99.000000
-99.000000
-99.000000
-99.000000
-99.000000
-99.000000
-99.000000
-99.000000
-99.000000
-99.000000
-99.000000
-99.000000
-99.000000
-99.000000
-99.000000
-99.000000
-99.000000
-99.000000
-99.000000
-99.000000
-99.000000
-99.000000
-99.000000
-99.000000
-99.000000
-99.000000
-99.000000
-99.000000
-99.000000
-99.000000
-99.000000
-99.000000
-99.000000
-99.000000
-99.000000
-99.000000
-99.000000
-99.000000
-99.000000
-99.000000
-99.000000
-99.000000
-99.000000
-99.000000
-99.000000
-99.000000
-99.000000
-99.000000
-99.000000
-99.000000
-99.000000
-99.000000
-99.000000
-99.000000
-99.000000
-99.000000
-99.000000
-99.000000
-99.000000
-99.000000
-99.000000
-99.000000
-99.000000
-99.000000
-99.000000
-99.000000
-99.000000
-99.000000
-99.000000
-99.000000
-99.000000
-99.000000
-99.000000
-99.000000
-99.000000
-99.000000
-99.000000
-99.000000
-99.000000
-99.000000
-99.000000
-99.000000
-99.000000
-99.000000
-99.000000
-99.000000
-99.000000
-99.000000
-99.000000
-99.000000
-99.000000
-99.000000
-99.000000
-99.000000
-99.000000
-99.000000
-99.000000
-99.000000
-99.000000
-99.000000
-99.000000
-99.000000
-99.000000
-99.000000
-99.000000
-99.000000
-99.000000
-99.000000
-99.000000
-99.000000
-99.000000
-99.000000
-99.000000
-99.000000
-99.000000
-99.000000
-99.000000
-99.000000
-99.000000
-99.000000
-99.000000
-99.000000
-99.000000
-99.000000
-99.000000
-99.000000
-99.000000
-99.000000
-99.000000
-99.000000
-99.000000
-99.000000
-99.000000
-99.000000
-99.000000
-99.000000
-99.000000
-99.000000
-99.000000
-99.000000
-99.000000
-99.000000
-99.000000
-99.000000
-99.000000
-99.000000
-99.000000
-99.000000
-99.000000
-99.000000
-99.000000
-99.000000
-99.000000
-99.000000
-99.000000
-99.000000
-99.000000
-99.000000
-99.000000
-99.000000
-99.000000
-99.000000
-99.000000
-99.000000
-99.000000
-99.000000
-99.000000
-99.000000
-99.000000
-99.000000
-99.000000
-99.000000
-99.000000
-99.000000
-99.000000
-99.000000
-99.000000
-99.000000
-99.000000
-99.000000
-99.000000
-99.000000
-99.000000
-99.000000
-99.000000
-99.000000
-99.000000
-99.000000
-99.000000
-99.000000
-99.000000
-99.000000
-99.000000
-99.000000
-99.000000
-99.000000
-99.000000
-99.000000
-99.000000
-99.000000
-99.000000
-99.000000
-99.000000
-99.000000
-99.000000
-99.000000
-99.000000
-99.000000
-99.000000
-99.000000
-99.000000
-99.000000
-99.000000
-99.000000
-99.000000
-99.000000
-99.000000
-99.000000
-99.000000
-99.000000
-99.000000
-99.000000
-99.000000
-99.000000
-99.000000
-99.000000
-99.000000
-99.000000
-99.000000
-99.000000
-99.000000
-99.000000
-99.000000
-99.000000
-99.000000
-99.000000
-99.000000
-99.000000
-99.000000
-99.000000
-99.000000
-99.000000
-99.000000
-99.000000
-99.000000
-99.000000
-99.000000
-99.000000
-99.000000
-99.000000
-99.000000
-99.000000
-99.000000
-99.000000
-99.000000
-99.000000
-99.000000
-99.000000
-99.000000
-99.000000
-99.000000
-99.000000
-99.000000
-99.000000
-99.000000
-99.000000
-99.000000
-99.000000
-99.000000
-99.000000
-99.000000
-99.000000
-99.000000
-99.000000
-99.000000
-99.000000
-99.000000
-99.000000
-99.000000
-99.000000
-99.000000
-99.000000
-99.000000
-99.000000
-99.000000
-99.000000
-99.000000
-99.000000
