20000101
6.118560
2.462400
4.322880
6.884640
7.371360
7.260480
7.035840
4.497120
2.233440
2.995200
7.534080
7.513920
7.214400
3.358080
3.021120
6.256800
7.760160
8.064000
8.028000
8.107200
8.537760
7.392960
8.953920
6.634080
6.795360
4.181760
3.947040
7.840800
8.890560
8.889120
8.493120
7.473600
5.919840
10.064160
9.925920
10.113120
9.414720
8.988480
8.285760
10.658880
10.494720
9.936000
11.059200
7.983360
4.893120
11.125440
9.997920
9.547200
10.785600
10.974240
12.621600
11.800800
9.643680
12.731040
11.890080
12.610080
12.768480
13.530240
12.736800
10.955520
12.378240
14.490720
14.387040
12.456000
14.431680
14.726880
12.411360
14.028480
14.680800
14.744160
14.395680
13.436640
14.374080
14.169600
15.249600
15.688800
16.146720
15.199200
14.996160
7.668000
5.178240
10.836000
9.980640
13.380480
12.906720
14.456160
11.161440
14.264640
14.355360
7.992000
12.432960
15.704640
10.572480
14.466240
11.534400
14.808960
20.399040
18.806400
4.746240
14.836320
7.722720
10.535040
15.297120
17.884800
14.605920
19.450080
7.215840
20.050560
16.103520
15.935040
20.388960
19.787040
17.039520
19.857600
19.961280
21.693600
20.236320
8.291520
19.038240
13.757760
14.227200
15.312960
21.863520
17.478720
15.577920
10.890720
13.105440
19.032480
13.845600
11.731680
5.434560
14.951520
21.205440
23.199840
22.836960
23.869440
22.007520
12.516480
22.999680
20.223360
9.367200
10.732320
17.076960
20.424960
16.780320
18.807840
16.640640
23.675040
14.513760
21.931200
24.279840
22.406400
23.202720
21.866400
24.184800
15.298560
19.496160
25.336800
25.568640
25.410240
21.841920
5.279040
11.185920
21.803040
16.804800
19.624320
24.511680
24.670080
24.412320
25.176960
25.198560
24.873120
23.035680
21.746880
15.324480
20.044800
24.222240
19.861920
23.119200
23.568480
22.998240
22.726080
24.210720
21.013920
22.055040
24.838560
23.970240
20.046240
24.259680
24.003360
24.729120
12.437280
24.667200
25.102080
24.549120
21.775680
23.306400
21.399840
13.413600
17.307360
22.727520
22.321440
22.713120
21.440160
6.544800
21.133440
15.896160
23.689440
23.002560
21.847680
23.217120
21.877920
21.369600
17.857440
19.932480
11.855520
20.763360
19.510560
22.033440
21.471840
20.756160
20.875680
20.725920
17.520480
15.481440
19.490400
20.016000
19.781280
19.686240
19.360800
19.114560
19.720800
19.988640
17.157600
20.005920
17.138880
11.944800
17.915040
17.326080
19.081440
15.099840
16.472160
9.581760
17.193600
16.722720
16.646400
15.865920
16.809120
16.483680
16.545600
15.536160
15.968160
15.734880
15.554880
14.844960
11.361600
14.099040
14.391360
14.283360
14.149440
10.838880
12.778560
5.843520
11.566080
14.991840
14.690880
13.898880
13.426560
12.993120
12.144960
7.462080
10.046880
11.939040
11.784960
10.558080
11.469600
11.531520
12.800160
9.604800
12.147840
12.801600
12.264480
12.274560
10.164960
4.099680
2.265120
2.306880
11.040480
7.348320
5.436000
9.979200
10.375200
9.246240
7.073280
4.083840
3.633120
2.247840
5.267520
2.872800
5.826240
9.668160
9.180000
6.867360
6.281280
7.192800
9.057600
1.889280
5.477760
8.039520
4.462560
6.798240
5.515200
7.850880
8.641440
8.657280
1.859040
6.552000
1.766880
8.206560
3.237120
7.807680
5.736960
2.266560
3.504960
2.640960
7.143840
5.832000
3.015360
5.610240
5.744160
5.736960
5.997600
5.578560
3.715200
6.242400
4.825440
4.250880
6.291360
4.972320
4.811040
3.742560
1.131840
4.524480
4.642560
0.002880
-99.000000
0.259200
3.661920
3.888000
4.546080
7.140960
7.313760
6.670080
6.714720
6.721920
2.779200
2.208960
4.122720
2.790720
7.198560
7.027200
3.882240
2.324160
4.086720
2.684160
7.336800
5.451840
5.158080
6.124320
6.134400
2.280960
1.831680
6.192000
4.232160
4.131360
6.909120
4.233600
5.807520
4.121280
2.727360
3.268800
6.494400
6.890400
3.108960
6.261120
7.748640
8.940960
4.849920
5.803200
3.080160
7.300800
6.505920
8.220960
5.238720
5.928480
10.562400
8.861760
10.828800
10.935360
10.676160
9.921600
10.513440
5.508000
5.120640
8.062560
11.802240
11.355840
11.586240
12.114720
10.958400
4.219200
3.811680
11.145600
12.561120
8.815680
13.003200
13.520160
13.042080
13.813920
13.844160
6.933600
14.739840
14.968800
6.904800
11.237760
11.237760
6.314400
10.471680
7.915680
13.282560
8.304480
7.549920
13.422240
9.923040
10.710720
15.200640
11.717280
10.622880
16.164000
14.770800
6.986160
14.879520
13.644000
14.827680
13.906080
13.908960
13.868640
15.187680
12.206880
13.985280
15.258240
11.527200
13.106880
10.740960
18.581760
18.267840
18.486000
18.710640
16.863840
18.427680
13.779360
16.904160
17.654400
19.429920
18.904320
17.369280
20.363040
20.373120
19.096560
20.605680
20.746080
19.359360
20.679840
6.701760
19.562400
17.038080
17.314560
14.171040
19.987200
20.181600
21.728160
20.917440
19.437120
21.934080
17.916480
5.050080
15.428160
13.484160
10.637280
19.493280
16.601760
21.713760
21.754080
21.476160
10.732320
1.455840
19.640160
20.458080
21.670560
15.125760
23.513760
22.503600
12.093840
17.697600
21.222720
12.879360
18.414720
19.471680
10.732320
20.426400
23.336640
23.726880
23.065920
23.549760
23.540400
23.754960
22.812480
21.919680
23.387040
24.541920
23.666400
24.082560
24.468480
23.732640
23.847840
17.360640
11.636640
24.982560
21.555360
22.556160
24.066720
19.175040
25.238880
23.019120
25.327440
25.038720
24.647040
24.485760
24.216480
23.032800
21.173040
22.680720
23.515200
19.812960
24.902640
24.570000
23.747040
23.355360
22.582800
20.402640
14.225760
13.423680
11.083680
-99.000000
-99.000000
0.059040
23.843520
23.140800
22.896000
19.298880
21.231360
20.142720
10.343520
23.914080
23.823360
12.031200
24.393600
23.986080
22.917600
20.635200
20.337840
21.924720
21.353760
20.420640
18.969120
19.124640
16.164000
19.416960
19.264320
19.611360
19.084320
17.143200
16.863840
21.523680
20.705760
17.288640
15.158880
18.152640
20.164320
20.098080
19.337760
18.653760
11.052000
7.475040
18.786240
13.926240
17.140320
19.212480
19.897920
19.198080
18.080640
18.570240
18.768960
17.252640
18.311040
18.660960
16.273440
17.781120
17.222400
-99.000000
-99.000000
9.360000
15.785280
19.097280
15.397920
17.568000
18.123840
17.540640
18.417600
17.576640
11.237760
17.465760
15.007680
17.684640
17.074080
17.134560
17.245440
10.841760
13.219200
15.043680
4.943520
12.801600
10.493280
13.272480
15.478560
13.953600
4.472640
9.715680
13.839840
14.438880
14.182560
12.441600
8.605440
10.065600
8.992800
13.684320
10.166400
8.216640
5.055840
8.516160
10.686240
4.759200
9.819360
5.148000
11.162880
5.051520
11.119680
8.674560
6.386400
6.495840
10.588320
8.722080
10.402560
9.915840
7.139520
8.766720
8.897760
8.730720
9.074880
8.249760
9.108000
1.707840
8.627040
8.331840
3.761280
7.843680
8.612640
8.265600
5.878080
8.004960
2.377440
7.655040
4.644000
1.311840
0.780480
1.723680
3.844800
2.643840
4.880160
7.364160
6.756480
7.493760
7.439040
7.017120
6.805440
4.908960
4.839120
6.947280
6.842880
5.608800
6.374880
6.166080
3.363840
5.342400
6.091200
6.170400
3.666240
1.920960
4.456800
4.170240
6.174720
6.268320
6.190560
2.329920
0.413280
5.196960
6.554880
2.789280
2.527200
2.154240
8.735040
7.977600
3.018240
8.110080
8.177760
7.015680
7.215840
6.883200
7.056000
2.845440
1.684800
1.313280
0.925920
4.911840
1.386720
2.224800
5.345280
5.525280
3.268800
5.531040
2.404800
7.705440
8.239680
3.559680
6.734880
5.708160
6.860160
8.674560
4.304160
4.101120
8.710560
8.657280
8.928000
3.581280
8.951040
8.840880
9.069840
8.097120
9.394560
9.142560
7.354080
7.863840
10.065600
10.697760
8.961120
9.790560
8.616960
7.568640
11.424960
11.180160
10.830240
11.187360
11.348640
11.040480
11.433600
11.373120
8.189280
3.202560
4.534560
11.347920
12.416400
8.892000
13.308480
13.278240
-99.000000
-99.000000
8.205120
10.922400
13.397760
5.101920
5.764320
5.191200
9.021600
8.226720
2.769120
6.229440
6.281280
15.258240
13.911840
15.174720
11.550240
6.177600
11.904480
8.926560
14.968800
8.549280
5.189760
11.795040
13.078080
17.681760
17.887680
17.580960
15.444000
18.228960
12.371040
16.932960
17.130240
6.717600
3.116160
18.106560
10.360800
19.391040
3.386880
2.764800
18.064800
20.652480
9.470880
12.504960
9.031680
20.003040
3.768480
9.992160
3.288960
16.937280
15.504480
13.665600
18.767520
21.356640
17.992800
15.896160
21.536640
21.627360
21.660480
21.075840
20.512800
21.494880
19.919520
18.010080
16.695360
21.371040
21.327840
14.823360
10.139040
15.294240
22.583520
18.930240
7.502400
3.343680
4.187520
11.246400
6.935040
12.009600
24.121440
23.595840
23.211360
15.402240
23.340960
13.595040
24.268320
24.834240
22.492800
23.037120
13.730400
19.722240
24.458400
25.011360
21.615840
24.045120
24.752160
24.266880
23.555520
24.600960
20.584800
23.590080
17.916480
10.592640
9.030240
22.942080
23.054400
9.848160
24.462720
24.631200
25.295040
23.169600
24.527520
24.596640
10.463040
-99.000000
-99.000000
12.568320
21.371040
17.180640
22.426560
23.447520
23.107680
22.616640
22.782240
20.671200
18.718560
23.303520
7.763040
7.511040
11.939040
22.520160
21.336480
21.395520
16.502400
21.961440
21.912480
19.513440
15.618240
18.239040
18.586080
14.293440
18.463680
22.098240
20.279520
21.087360
21.985920
22.043520
20.685600
20.368800
19.808640
18.554400
20.651040
21.111840
21.278880
21.348000
20.528640
18.357120
18.326880
17.534880
15.909120
9.597600
14.627520
18.691200
17.621280
19.641600
20.486880
18.437760
13.322880
13.760640
14.764320
19.928160
20.224800
15.920640
16.986240
16.356960
16.178400
19.160640
16.617600
16.534080
18.597600
15.877440
8.032320
11.288160
4.531680
16.449120
15.845760
11.224800
17.369280
18.315360
17.972640
16.434720
17.510400
6.596640
15.024960
14.268960
15.069600
17.795520
14.451840
11.448000
14.646240
15.138720
14.667840
0.606240
13.524480
16.248960
15.249600
8.117280
9.812160
9.784800
11.558880
9.005760
-99.000000
-99.000000
-99.000000
-99.000000
-99.000000
-99.000000
-99.000000
-99.000000
-99.000000
-99.000000
-99.000000
-99.000000
-99.000000
-99.000000
-99.000000
12.528000
5.225760
9.584640
3.094560
5.775840
12.418560
6.153120
13.154400
12.438720
12.345120
11.396160
5.202720
11.694240
11.979360
11.561760
8.893440
10.481760
11.298240
7.970400
10.431360
10.952640
10.720800
10.177920
10.494720
6.043680
8.382240
10.026720
8.197920
4.799520
8.632800
8.166240
7.313760
8.298720
8.760960
5.168160
7.486560
3.682080
6.438240
8.949600
2.989440
2.299680
8.190720
7.626240
7.236000
7.067520
0.823680
5.450400
7.737120
2.473920
1.611360
3.166560
7.640640
7.050240
3.781440
3.797280
6.323040
1.069920
3.820320
4.574880
2.316960
6.454080
6.030720
4.288320
1.429920
3.733920
2.096640
5.160960
5.101920
5.227200
4.006080
5.221440
5.601600
2.145600
2.966400
1.035360
3.170880
3.363840
5.623200
5.745600
6.171840
6.121440
5.133600
1.512000
3.212640
5.469120
1.232640
6.310080
5.741280
4.756320
5.716800
3.680640
4.436640
0.887040
2.881440
1.471680
3.921120
6.177600
7.670880
6.903360
7.381440
7.675200
7.721280
2.779200
4.363200
3.008160
1.562400
5.220000
6.042240
6.124320
7.238880
8.372160
8.661600
3.300480
7.860960
9.109440
4.396320
5.804640
9.286560
9.256320
5.987520
7.758720
4.184640
6.729120
9.846720
8.447040
8.226720
9.043200
9.891360
8.953920
5.094720
2.462400
3.299040
1.560960
11.072160
7.706880
9.069120
2.484000
1.471680
8.462880
3.348000
7.777440
4.651200
1.428480
1.585440
3.964320
11.365920
9.660960
10.859040
5.021280
13.651200
7.660800
11.504160
11.443680
12.087360
13.844160
13.605120
15.009120
14.605920
13.648320
13.147200
6.799680
15.042240
15.848640
16.099200
14.410080
15.603840
15.549120
7.428960
15.180480
16.143840
15.455520
14.333760
6.474240
3.327840
6.521760
6.347520
10.461600
11.298240
12.741120
18.901440
19.009440
18.889920
18.694080
18.727200
10.349280
12.255840
13.743360
11.950560
9.122400
18.133920
2.422080
7.489440
8.298720
13.878720
11.242080
9.468000
11.275200
16.773120
16.656480
17.218080
16.617600
19.533600
9.996480
20.645280
20.462400
15.347520
11.492640
17.998560
20.718720
20.700000
18.894240
9.771840
1.422720
4.394880
7.136640
20.334240
21.790080
13.415040
20.579040
20.514240
15.154560
16.581600
8.436960
18.286560
21.358080
21.322080
22.586400
22.534560
21.127680
22.754880
11.921760
12.515040
15.984000
21.778560
18.535680
21.107520
22.438080
22.419360
19.428480
18.557280
13.978080
16.109280
11.260800
19.736640
22.459680
18.413280
19.994400
22.092480
20.645280
22.439520
22.875840
20.545920
20.478240
19.141920
20.916000
22.116960
23.287680
22.826880
23.440320
22.908960
20.427840
19.235520
17.748000
18.439200
20.064960
13.325760
20.387520
18.247680
22.881600
20.239200
9.257760
22.350240
14.480640
20.844000
21.621600
21.929760
14.731200
22.574880
20.963520
21.755520
21.967200
21.047040
21.101760
23.244480
21.918240
21.454560
21.716640
11.880000
20.331360
20.152800
16.326720
21.156480
20.642400
20.237760
19.402560
19.982880
21.817440
20.646720
21.363840
21.062880
20.633760
20.206080
20.269440
20.216160
20.265120
19.226880
18.885600
18.815040
19.242720
14.611680
19.624320
20.206080
17.788320
17.724960
9.666720
11.056320
18.102240
20.043360
17.219520
9.086400
15.724800
17.127360
13.393440
19.025280
15.893280
18.146880
13.577760
15.733440
18.282240
17.811360
11.511360
11.237760
12.772800
8.016480
14.760000
10.661760
9.613440
12.620160
14.081760
17.899200
17.166240
16.920000
16.152480
15.098400
16.166880
16.581600
8.868960
15.750720
16.139520
15.553440
13.816800
12.261600
10.791360
15.196320
12.561120
11.325600
4.024800
11.279520
6.685920
5.755680
13.308480
10.205280
12.803040
11.108160
7.022880
11.291040
13.800960
12.813120
13.263840
12.938400
12.271680
8.229600
4.324320
5.450400
2.223360
3.883680
1.929600
2.184480
3.225600
8.245440
5.978880
7.282080
10.025280
10.141920
6.251040
1.366560
4.118400
8.939520
5.626080
7.467840
1.674720
5.329440
9.516960
9.784800
9.508320
8.837280
7.208640
9.571680
6.720480
4.494240
1.386720
3.271680
3.879360
7.652160
4.812480
3.290400
2.053440
1.725120
7.282080
5.806080
4.891680
4.089600
2.406240
1.818720
6.922080
2.407680
5.968800
3.114720
3.854880
5.726880
4.888800
2.083680
6.480000
4.852800
3.386880
4.537440
4.602240
3.443040
4.779360
5.610240
5.695200
5.970240
3.211200
6.144480
2.975040
6.060960
6.246720
2.795040
2.024640
3.052800
4.011840
5.260320
5.536800
5.145120
6.078240
4.861440
6.229440
5.346720
1.365120
3.480480
4.155840
5.044320
2.795040
6.190560
6.763680
6.707520
6.736320
6.645600
6.196320
5.483520
4.150080
5.824800
5.273280
4.222080
5.883840
2.623680
7.060320
7.423200
4.668480
5.114880
7.819200
4.076640
3.293280
7.663680
3.106080
2.812320
6.556320
7.450560
5.657760
7.358400
8.812800
6.956640
5.019840
8.339040
8.974080
9.360000
9.712800
9.892800
10.082880
8.900640
7.852320
7.472160
10.560960
10.167840
10.726560
10.347840
10.260000
8.520480
8.115840
9.436320
7.440480
11.734560
3.301920
7.781760
12.134880
8.415360
2.466720
2.223360
2.243520
5.722560
6.311520
5.906880
12.592800
13.438080
12.817440
10.391040
7.032960
9.142560
14.650560
10.427040
14.637600
5.343840
14.401440
10.748160
2.759040
7.295040
11.103840
13.675680
14.309280
14.214240
10.739520
14.436000
15.613920
11.495520
14.315040
16.604640
17.226720
15.635520
1.791360
9.146880
2.901600
4.656960
7.724160
12.834720
11.031840
17.632800
17.451360
18.122400
19.188000
10.743840
1.471680
9.501120
16.197120
19.916640
12.353760
19.974240
7.040160
17.759520
2.229120
11.917440
12.132000
18.491040
15.279840
20.509920
1.160640
21.306240
21.267360
21.636000
21.278880
19.465920
5.863680
4.642560
13.367520
11.550240
9.080640
1.611360
16.611840
15.256800
20.767680
18.838080
18.197280
20.279520
6.019200
2.897280
14.990400
21.330720
21.290400
19.830240
19.084320
19.398240
22.318560
21.123360
23.015520
22.272480
15.132960
15.206400
14.780160
20.721600
13.557600
12.515040
20.476800
21.116160
13.896000
20.384640
21.396960
24.225120
23.342400
21.955680
23.401440
23.165280
18.112320
21.964320
22.109760
21.816000
21.674880
17.586720
21.850560
15.556320
13.924800
22.482720
23.824800
23.921280
11.197440
17.084160
19.628640
21.286080
22.615200
17.164800
18.064800
21.012480
22.759200
17.856000
21.692160
22.209120
22.318560
22.805280
11.462400
22.161600
15.729120
12.526560
14.915520
24.017760
23.711040
21.551040
11.020320
21.873600
23.484960
19.798560
21.480480
19.308960
18.292320
20.471040
17.048160
18.303840
17.712000
21.337920
14.644800
18.898560
20.682720
21.477600
21.219840
20.642400
12.997440
13.507200
20.577600
17.844480
12.307680
15.756480
16.426080
20.592000
17.272800
14.093280
19.123200
13.118400
13.930560
20.789280
18.237600
20.695680
19.883520
19.447200
16.754400
9.388800
20.292480
17.889120
18.099360
20.177280
15.616800
12.199680
17.146080
18.120960
19.562400
16.103520
12.882240
12.608640
13.142880
12.265920
10.097280
15.420960
11.492640
12.696480
9.774720
14.784480
15.528960
12.019680
10.438560
15.393600
14.938560
11.210400
14.548320
9.816480
11.295360
16.139520
16.572960
16.066080
14.290560
12.019680
14.935680
15.690240
15.518880
14.454720
15.052320
14.876640
14.437440
14.104800
12.775680
14.120640
13.266720
12.906720
12.924000
12.480480
11.950560
5.829120
10.355040
12.300480
10.509120
12.551040
11.782080
8.383680
12.801600
9.534240
7.626240
8.782560
11.653920
10.097280
7.511040
8.457120
5.940000
11.388960
10.866240
9.604800
5.901120
9.476640
1.990080
8.062560
8.196480
9.601920
9.876960
5.057280
8.824320
5.251680
7.626240
3.480480
8.062560
8.943840
9.046080
4.782240
8.681760
3.263040
6.363360
8.834400
8.968320
8.907840
8.556480
8.395200
8.212320
5.836320
7.960320
7.598880
6.801120
1.094400
7.238880
7.544160
2.122560
4.929120
6.975360
5.283360
7.374240
4.674240
6.664320
5.451840
1.427040
2.069280
1.824480
1.065600
2.453760
0.993600
6.089760
6.662880
2.424960
0.918720
4.642560
4.415040
0.858240
3.355200
4.728960
6.285600
5.820480
4.163040
6.154560
6.318720
6.937920
0.695520
5.217120
6.219360
2.053440
6.468480
6.611040
7.620480
6.720480
5.810400
6.678720
6.962400
6.086880
7.008480
7.027200
7.322400
7.462080
6.789600
6.714720
5.855040
6.929280
7.475040
7.460640
5.171040
3.300480
7.184160
7.437600
8.599680
8.379360
7.987680
7.047360
8.680320
8.784000
8.775360
9.064800
5.032800
9.180000
9.974880
9.701280
9.587520
9.738720
10.180800
9.551520
7.920000
4.036320
3.816000
4.635360
4.632480
10.414080
10.311840
8.831520
8.362080
10.969920
11.884320
11.872800
12.121920
12.360960
9.276480
7.693920
12.971520
2.823840
10.893600
9.459360
5.375520
11.368800
13.413600
9.839520
4.505760
9.024480
10.442880
14.328000
11.465280
12.424320
15.278400
14.932800
15.190560
14.986080
11.648160
13.325760
15.144480
12.987360
13.351680
9.568800
14.793120
16.604640
15.626880
14.862240
7.515360
11.743200
11.142720
14.204160
11.916000
10.781280
14.832000
14.693760
13.109760
16.371360
18.214560
17.625600
3.071520
11.338560
11.459520
5.783040
17.523360
16.740000
9.635040
14.078880
19.573920
18.080640
18.830880
20.360160
14.063040
16.332480
15.504480
17.894880
14.797440
16.652160
16.588800
6.347520
14.830560
15.681600
12.337920
21.886560
21.562560
21.284640
21.568320
19.992960
20.481120
18.318240
6.238080
17.856000
15.952320
19.595520
22.531680
22.116960
21.826080
14.397120
14.556960
17.042400
17.078400
11.856960
22.358880
19.333440
18.028800
7.672320
22.135680
23.150880
22.583520
16.980480
17.395200
23.624640
22.703040
23.634720
23.775840
22.917600
21.983040
20.354400
9.047520
14.539680
13.770720
21.755520
20.878560
20.311200
22.596480
23.616000
22.512960
21.733920
22.891680
21.016800
20.089440
13.728960
8.897760
20.999520
20.175840
21.556800
18.691200
22.920480
22.389120
20.229120
13.818240
19.438560
19.388160
8.388000
22.947840
22.227840
15.387840
6.173280
22.993920
18.887040
22.716000
21.962880
21.706560
17.428320
23.436000
22.933440
21.962880
22.763520
12.725280
20.413440
22.838400
22.224960
21.375360
21.680640
20.743200
21.350880
16.237440
21.588480
22.314240
21.539520
21.169440
20.250720
19.725120
20.640960
16.189920
20.161440
21.320640
20.665440
19.447200
19.153440
16.659360
4.131360
16.704000
22.415040
22.099680
22.160160
21.794400
21.127680
17.719200
16.752960
15.475680
15.235200
20.904480
20.649600
20.278080
19.844640
16.210080
13.638240
14.474880
11.882880
17.745120
20.520000
20.528640
19.776960
20.020320
18.973440
-99.000000
-99.000000
-99.000000
10.412640
18.479520
13.239360
12.553920
18.023040
17.994240
17.367840
14.355360
11.036160
1.450080
13.055040
17.159040
16.685280
17.258400
15.818400
13.798080
16.305120
16.996320
15.792480
11.674080
17.321760
16.693920
16.591680
16.080480
15.586560
13.527360
8.539200
9.901440
11.309760
10.321920
10.038240
12.085920
13.943520
14.181120
13.299840
12.911040
14.032800
13.230720
4.368960
13.294080
11.178720
11.786400
7.526880
9.704160
3.919680
1.488960
3.594240
3.902400
11.224800
9.853920
3.140640
9.648000
11.089440
10.054080
10.653120
3.198240
11.236320
9.279360
5.785920
8.426880
4.795200
8.640000
8.406720
3.120480
7.554240
8.912160
8.313120
4.368960
9.881280
10.203840
9.548640
6.435360
0.417600
1.342080
1.703520
3.974400
2.446560
4.858560
6.003360
5.313600
7.516800
8.170560
8.120160
3.244320
3.813120
2.445120
5.440320
8.115840
4.410720
4.708800
5.103360
7.359840
5.087520
7.760160
5.896800
2.590560
6.877440
4.438080
4.037760
6.310080
7.093440
3.882240
6.867360
6.958080
6.675840
2.426400
2.508480
6.920640
6.192000
6.599520
4.906080
0.000000
6.577920
4.536000
6.605280
6.863040
6.847200
6.923520
6.660000
6.696000
3.961440
7.185600
4.782240
2.835360
3.922560
3.126240
5.110560
7.058880
6.821280
2.292480
3.091680
1.765440
2.792160
3.673440
3.444480
1.329120
6.518880
4.978080
4.665600
3.113280
1.794240
6.023520
5.571360
7.276320
7.200000
1.435680
6.831360
8.732160
4.826880
1.692000
2.754720
3.185280
1.192320
5.816160
1.625760
2.952000
9.758880
9.900000
9.351360
1.715040
9.977760
10.352160
10.424160
10.910880
11.023200
8.704800
9.871200
10.133280
10.385280
10.673280
9.407520
6.930720
11.537280
10.025280
5.335200
10.236960
7.459200
5.820480
9.171360
6.989760
11.859840
3.041280
12.660480
6.527520
11.985120
13.132800
12.254400
3.316320
6.308640
12.798720
12.430080
11.221920
8.118720
12.335040
12.052800
14.063040
12.522240
11.397600
14.306400
14.113440
4.629600
3.935520
7.368480
13.128480
14.112000
12.091680
10.481760
11.553120
16.048800
13.871520
10.877760
16.796160
15.864480
13.969440
16.552800
11.643840
16.679520
13.936320
15.608160
13.864320
12.090240
12.060000
11.662560
15.239520
15.697440
19.915200
19.680480
19.617120
13.920480
12.100320
10.123200
5.119200
20.841120
18.600480
14.515200
18.115200
19.236960
10.113120
15.635520
18.954720
18.766080
15.062400
20.396160
20.920320
21.192480
19.116000
19.440000
7.227360
9.982080
8.936640
17.344800
13.171680
13.233600
21.934080
18.872640
19.715040
19.365120
17.133120
20.041920
19.815840
18.770400
18.943200
10.971360
22.289760
20.453760
19.225440
17.720640
15.428160
23.231520
19.190880
21.182400
20.393280
21.800160
19.497600
22.730400
20.638080
23.624640
20.825280
23.463360
23.212800
22.862880
17.157600
20.525760
22.121280
15.340320
13.829760
22.680000
23.114880
22.127040
20.770560
18.688320
14.279040
14.250240
18.370080
18.802080
13.982400
21.013920
20.057760
17.938080
20.154240
19.630080
19.313280
16.996320
15.480000
20.681280
21.350880
19.815840
21.637440
21.497760
21.808800
15.037920
21.350880
22.135680
21.316320
18.365760
20.793600
18.241920
17.125920
11.970720
17.868960
10.838880
10.337760
13.390560
20.076480
17.206560
20.049120
21.317760
20.499840
20.455200
15.827040
19.732320
21.048480
12.471840
20.743200
21.241440
20.168640
20.414880
20.432160
20.615040
19.595520
21.032640
20.571840
20.351520
20.694240
17.858880
20.026080
19.992960
20.077920
19.837440
19.376640
17.208000
11.037600
16.401600
8.860320
15.078240
18.917280
19.147680
20.256480
19.684800
18.594720
11.371680
14.909760
16.971840
18.869760
17.756640
18.358560
15.698880
14.716800
16.272000
12.782880
16.884000
16.696800
16.119360
13.862880
13.688640
7.711200
16.318080
16.705440
17.353440
7.855200
9.658080
2.985120
11.626560
4.698720
15.677280
14.683680
15.772320
15.268320
13.631040
3.967200
2.501280
10.209600
12.324960
15.266880
15.000480
12.260160
13.439520
12.850560
13.880160
10.221120
10.350720
11.923200
13.883040
13.548960
12.918240
10.823040
10.386720
11.635200
8.269920
8.822880
7.616160
10.968480
11.158560
3.882240
7.223040
5.902560
8.896320
6.350400
9.462240
8.979840
3.402720
10.333440
10.807200
5.529600
9.633600
10.185120
8.494560
10.116000
9.711360
7.899840
8.822880
2.172960
3.371040
4.901760
9.531360
3.876480
4.069440
8.521920
8.945280
7.813440
3.718080
9.059040
9.007200
4.227840
2.748960
4.187520
8.494560
8.468640
4.973760
5.552640
4.426560
6.867360
5.823360
3.611520
3.859200
7.336800
2.648160
6.305760
7.735680
7.156800
4.249440
5.952960
7.187040
6.742080
1.257120
4.923360
2.780640
6.878880
5.162400
7.201440
7.267680
6.112800
7.053120
3.493440
4.721760
5.470560
2.518560
6.668640
2.236320
6.621120
2.452320
4.027680
3.348000
6.628320
7.104960
6.697440
7.007040
6.919200
6.675840
6.795360
-99.000000
-99.000000
-99.000000
-99.000000
-99.000000
-99.000000
-99.000000
-99.000000
-99.000000
-99.000000
-99.000000
-99.000000
-99.000000
-99.000000
-99.000000
-99.000000
-99.000000
-99.000000
-99.000000
-99.000000
-99.000000
-99.000000
-99.000000
-99.000000
-99.000000
-99.000000
-99.000000
-99.000000
-99.000000
-99.000000
-99.000000
-99.000000
-99.000000
-99.000000
-99.000000
-99.000000
-99.000000
-99.000000
-99.000000
-99.000000
-99.000000
-99.000000
-99.000000
-99.000000
-99.000000
-99.000000
-99.000000
-99.000000
-99.000000
-99.000000
-99.000000
-99.000000
-99.000000
-99.000000
-99.000000
-99.000000
-99.000000
-99.000000
-99.000000
-99.000000
-99.000000
-99.000000
-99.000000
-99.000000
-99.000000
-99.000000
-99.000000
-99.000000
-99.000000
-99.000000
-99.000000
-99.000000
-99.000000
-99.000000
-99.000000
-99.000000
-99.000000
-99.000000
-99.000000
-99.000000
-99.000000
-99.000000
-99.000000
-99.000000
-99.000000
-99.000000
-99.000000
-99.000000
-99.000000
-99.000000
-99.000000
-99.000000
-99.000000
-99.000000
-99.000000
-99.000000
-99.000000
-99.000000
-99.000000
-99.000000
-99.000000
-99.000000
-99.000000
-99.000000
-99.000000
-99.000000
-99.000000
-99.000000
-99.000000
-99.000000
-99.000000
-99.000000
-99.000000
-99.000000
-99.000000
-99.000000
-99.000000
-99.000000
-99.000000
-99.000000
-99.000000
-99.000000
-99.000000
-99.000000
-99.000000
-99.000000
-99.000000
-99.000000
-99.000000
-99.000000
-99.000000
-99.000000
-99.000000
-99.000000
-99.000000
-99.000000
-99.000000
-99.000000
-99.000000
-99.000000
-99.000000
-99.000000
-99.000000
-99.000000
-99.000000
-99.000000
-99.000000
-99.000000
-99.000000
-99.000000
-99.000000
-99.000000
-99.000000
-99.000000
-99.000000
-99.000000
-99.000000
-99.000000
-99.000000
-99.000000
-99.000000
-99.000000
-99.000000
-99.000000
-99.000000
-99.000000
-99.000000
-99.000000
-99.000000
-99.000000
-99.000000
-99.000000
-99.000000
-99.000000
-99.000000
-99.000000
-99.000000
-99.000000
-99.000000
-99.000000
-99.000000
-99.000000
-99.000000
-99.000000
-99.000000
-99.000000
-99.000000
-99.000000
-99.000000
-99.000000
-99.000000
-99.000000
-99.000000
-99.000000
-99.000000
-99.000000
-99.000000
-99.000000
-99.000000
-99.000000
-99.000000
-99.000000
-99.000000
-99.000000
-99.000000
-99.000000
-99.000000
-99.000000
-99.000000
-99.000000
-99.000000
-99.000000
-99.000000
-99.000000
-99.000000
-99.000000
-99.000000
-99.000000
-99.000000
-99.000000
-99.000000
-99.000000
-99.000000
-99.000000
-99.000000
-99.000000
-99.000000
-99.000000
-99.000000
-99.000000
-99.000000
-99.000000
-99.000000
-99.000000
-99.000000
-99.000000
-99.000000
-99.000000
-99.000000
-99.000000
-99.000000
-99.000000
-99.000000
-99.000000
-99.000000
-99.000000
-99.000000
-99.000000
-99.000000
-99.000000
-99.000000
-99.000000
-99.000000
-99.000000
-99.000000
-99.000000
-99.000000
-99.000000
-99.000000
-99.000000
-99.000000
-99.000000
-99.000000
-99.000000
-99.000000
-99.000000
-99.000000
-99.000000
-99.000000
-99.000000
-99.000000
-99.000000
-99.000000
-99.000000
-99.000000
-99.000000
-99.000000
-99.000000
-99.000000
-99.000000
-99.000000
-99.000000
-99.000000
-99.000000
-99.000000
-99.000000
-99.000000
-99.000000
-99.000000
-99.000000
-99.000000
-99.000000
-99.000000
-99.000000
-99.000000
-99.000000
-99.000000
-99.000000
-99.000000
-99.000000
-99.000000
-99.000000
-99.000000
-99.000000
-99.000000
-99.000000
-99.000000
-99.000000
-99.000000
-99.000000
-99.000000
-99.000000
-99.000000
-99.000000
-99.000000
-99.000000
-99.000000
-99.000000
-99.000000
-99.000000
-99.000000
-99.000000
-99.000000
-99.000000
-99.000000
-99.000000
-99.000000
-99.000000
-99.000000
-99.000000
-99.000000
-99.000000
-99.000000
-99.000000
-99.000000
-99.000000
-99.000000
-99.000000
-99.000000
-99.000000
-99.000000
-99.000000
-99.000000
-99.000000
-99.000000
-99.000000
-99.000000
-99.000000
-99.000000
-99.000000
-99.000000
-99.000000
-99.000000
1.955520
2.501280
1.689120
4.839840
5.652000
6.680160
4.716000
6.438240
6.762240
6.576480
5.880960
6.245280
7.017120
3.597120
1.719360
4.623840
5.173920
4.998240
5.771520
5.290560
4.286880
2.678400
6.304320
4.471200
7.129440
2.868480
5.623200
6.029280
6.419520
6.171840
8.006400
8.390880
8.645760
7.994880
8.301600
2.927520
6.903360
8.282880
9.041760
9.336960
8.663040
9.476640
9.370080
3.546720
5.332320
5.833440
7.905600
10.172160
10.303200
10.281600
10.406880
10.736640
10.831680
8.318880
10.425600
2.769120
3.240000
7.630560
10.114560
5.618880
1.404000
4.708800
3.121920
5.598720
11.041920
12.093120
8.015040
1.936800
7.394400
11.242080
5.688000
9.423360
7.600320
13.469760
12.481920
11.067840
12.348000
14.400000
12.821760
14.603040
8.763840
6.664320
13.723200
10.234080
14.201280
14.322240
8.547840
15.161760
11.718720
9.275040
4.979520
16.767360
14.683680
13.260960
14.690880
15.081120
14.797440
9.773280
5.126400
15.197760
14.758560
12.824640
16.068960
18.702720
17.753760
19.244160
19.347840
19.280160
19.984320
5.087520
13.088160
9.370080
11.628000
7.732800
15.323040
18.987840
17.700480
-99.000000
-99.000000
-99.000000
-99.000000
-99.000000
-99.000000
-99.000000
-99.000000
-99.000000
-99.000000
-99.000000
-99.000000
-99.000000
-99.000000
-99.000000
-99.000000
-99.000000
-99.000000
-99.000000
-99.000000
-99.000000
-99.000000
-99.000000
-99.000000
-99.000000
-99.000000
-99.000000
-99.000000
-99.000000
-99.000000
-99.000000
-99.000000
-99.000000
-99.000000
-99.000000
-99.000000
-99.000000
-99.000000
-99.000000
-99.000000
-99.000000
-99.000000
-99.000000
-99.000000
-99.000000
-99.000000
-99.000000
-99.000000
-99.000000
-99.000000
-99.000000
-99.000000
-99.000000
-99.000000
-99.000000
-99.000000
-99.000000
-99.000000
-99.000000
-99.000000
-99.000000
-99.000000
-99.000000
-99.000000
-99.000000
-99.000000
-99.000000
-99.000000
-99.000000
-99.000000
-99.000000
-99.000000
-99.000000
-99.000000
-99.000000
-99.000000
-99.000000
-99.000000
-99.000000
-99.000000
-99.000000
-99.000000
-99.000000
-99.000000
-99.000000
-99.000000
-99.000000
-99.000000
-99.000000
-99.000000
-99.000000
-99.000000
-99.000000
-99.000000
-99.000000
-99.000000
-99.000000
-99.000000
-99.000000
-99.000000
-99.000000
-99.000000
-99.000000
-99.000000
-99.000000
-99.000000
-99.000000
-99.000000
-99.000000
-99.000000
-99.000000
-99.000000
-99.000000
-99.000000
-99.000000
-99.000000
-99.000000
-99.000000
-99.000000
-99.000000
-99.000000
-99.000000
-99.000000
-99.000000
-99.000000
-99.000000
-99.000000
-99.000000
-99.000000
-99.000000
-99.000000
-99.000000
-99.000000
-99.000000
-99.000000
-99.000000
-99.000000
-99.000000
-99.000000
-99.000000
-99.000000
-99.000000
-99.000000
-99.000000
-99.000000
-99.000000
-99.000000
-99.000000
-99.000000
-99.000000
-99.000000
-99.000000
-99.000000
-99.000000
-99.000000
-99.000000
-99.000000
-99.000000
-99.000000
-99.000000
-99.000000
-99.000000
-99.000000
-99.000000
-99.000000
-99.000000
-99.000000
-99.000000
-99.000000
-99.000000
-99.000000
-99.000000
-99.000000
-99.000000
-99.000000
-99.000000
-99.000000
-99.000000
-99.000000
-99.000000
-99.000000
-99.000000
-99.000000
-99.000000
-99.000000
-99.000000
-99.000000
-99.000000
-99.000000
-99.000000
-99.000000
-99.000000
-99.000000
-99.000000
-99.000000
-99.000000
-99.000000
-99.000000
-99.000000
-99.000000
-99.000000
-99.000000
-99.000000
-99.000000
-99.000000
-99.000000
-99.000000
-99.000000
-99.000000
-99.000000
-99.000000
-99.000000
-99.000000
-99.000000
-99.000000
-99.000000
-99.000000
-99.000000
-99.000000
-99.000000
-99.000000
-99.000000
-99.000000
-99.000000
-99.000000
-99.000000
-99.000000
-99.000000
-99.000000
-99.000000
-99.000000
-99.000000
-99.000000
-99.000000
-99.000000
-99.000000
-99.000000
-99.000000
-99.000000
-99.000000
-99.000000
-99.000000
-99.000000
-99.000000
-99.000000
-99.000000
-99.000000
-99.000000
-99.000000
-99.000000
-99.000000
-99.000000
-99.000000
-99.000000
-99.000000
-99.000000
-99.000000
-99.000000
-99.000000
-99.000000
-99.000000
-99.000000
-99.000000
-99.000000
-99.000000
-99.000000
-99.000000
-99.000000
-99.000000
-99.000000
-99.000000
-99.000000
-99.000000
-99.000000
-99.000000
-99.000000
-99.000000
-99.000000
-99.000000
-99.000000
-99.000000
-99.000000
-99.000000
-99.000000
-99.000000
-99.000000
-99.000000
-99.000000
-99.000000
-99.000000
-99.000000
-99.000000
-99.000000
-99.000000
-99.000000
-99.000000
-99.000000
-99.000000
-99.000000
-99.000000
-99.000000
-99.000000
-99.000000
-99.000000
-99.000000
-99.000000
-99.000000
-99.000000
-99.000000
-99.000000
-99.000000
-99.000000
-99.000000
-99.000000
-99.000000
-99.000000
-99.000000
-99.000000
-99.000000
-99.000000
-99.000000
-99.000000
-99.000000
-99.000000
-99.000000
-99.000000
-99.000000
-99.000000
-99.000000
-99.000000
-99.000000
-99.000000
-99.000000
-99.000000
-99.000000
-99.000000
-99.000000
-99.000000
-99.000000
-99.000000
-99.000000
-99.000000
-99.000000
-99.000000
-99.000000
-99.000000
-99.000000
-99.000000
-99.000000
-99.000000
-99.000000
-99.000000
-99.000000
-99.000000
-99.000000
-99.000000
-99.000000
-99.000000
-99.000000
-99.000000
-99.000000
-99.000000
-99.000000
-99.000000
-99.000000
-99.000000
-99.000000
-99.000000
-99.000000
-99.000000
-99.000000
-99.000000
-99.000000
-99.000000
-99.000000
-99.000000
-99.000000
-99.000000
-99.000000
-99.000000
-99.000000
-99.000000
-99.000000
-99.000000
-99.000000
-99.000000
-99.000000
-99.000000
-99.000000
-99.000000
-99.000000
-99.000000
-99.000000
-99.000000
-99.000000
-99.000000
-99.000000
-99.000000
-99.000000
-99.000000
-99.000000
-99.000000
-99.000000
-99.000000
-99.000000
-99.000000
-99.000000
-99.000000
-99.000000
-99.000000
-99.000000
-99.000000
-99.000000
-99.000000
-99.000000
-99.000000
-99.000000
-99.000000
-99.000000
-99.000000
-99.000000
-99.000000
-99.000000
-99.000000
-99.000000
-99.000000
-99.000000
-99.000000
-99.000000
-99.000000
-99.000000
-99.000000
-99.000000
-99.000000
-99.000000
-99.000000
-99.000000
-99.000000
-99.000000
-99.000000
-99.000000
-99.000000
-99.000000
-99.000000
-99.000000
-99.000000
-99.000000
-99.000000
-99.000000
-99.000000
-99.000000
-99.000000
-99.000000
-99.000000
-99.000000
-99.000000
-99.000000
-99.000000
-99.000000
-99.000000
-99.000000
-99.000000
-99.000000
-99.000000
-99.000000
-99.000000
-99.000000
-99.000000
-99.000000
-99.000000
-99.000000
-99.000000
-99.000000
-99.000000
-99.000000
-99.000000
-99.000000
-99.000000
-99.000000
-99.000000
-99.000000
-99.000000
-99.000000
-99.000000
-99.000000
-99.000000
-99.000000
-99.000000
-99.000000
-99.000000
-99.000000
-99.000000
-99.000000
-99.000000
-99.000000
-99.000000
-99.000000
-99.000000
-99.000000
-99.000000
-99.000000
-99.000000
-99.000000
-99.000000
-99.000000
-99.000000
-99.000000
-99.000000
-99.000000
-99.000000
-99.000000
-99.000000
-99.000000
-99.000000
-99.000000
-99.000000
-99.000000
-99.000000
-99.000000
-99.000000
-99.000000
-99.000000
-99.000000
-99.000000
-99.000000
-99.000000
-99.000000
-99.000000
-99.000000
-99.000000
-99.000000
-99.000000
-99.000000
-99.000000
-99.000000
-99.000000
-99.000000
-99.000000
-99.000000
-99.000000
-99.000000
-99.000000
-99.000000
-99.000000
-99.000000
-99.000000
-99.000000
-99.000000
-99.000000
-99.000000
-99.000000
-99.000000
-99.000000
-99.000000
-99.000000
-99.000000
-99.000000
-99.000000
-99.000000
-99.000000
-99.000000
-99.000000
-99.000000
-99.000000
-99.000000
-99.000000
-99.000000
-99.000000
-99.000000
-99.000000
-99.000000
-99.000000
-99.000000
-99.000000
-99.000000
-99.000000
-99.000000
-99.000000
-99.000000
-99.000000
-99.000000
-99.000000
-99.000000
-99.000000
-99.000000
-99.000000
-99.000000
-99.000000
-99.000000
-99.000000
-99.000000
-99.000000
-99.000000
-99.000000
-99.000000
-99.000000
-99.000000
-99.000000
-99.000000
-99.000000
-99.000000
-99.000000
-99.000000
-99.000000
-99.000000
-99.000000
-99.000000
-99.000000
-99.000000
-99.000000
-99.000000
-99.000000
-99.000000
-99.000000
-99.000000
-99.000000
-99.000000
-99.000000
-99.000000
-99.000000
-99.000000
-99.000000
-99.000000
-99.000000
-99.000000
-99.000000
-99.000000
-99.000000
-99.000000
-99.000000
-99.000000
-99.000000
-99.000000
-99.000000
-99.000000
-99.000000
-99.000000
-99.000000
-99.000000
-99.000000
-99.000000
-99.000000
-99.000000
-99.000000
-99.000000
-99.000000
-99.000000
-99.000000
-99.000000
-99.000000
-99.000000
-99.000000
-99.000000
-99.000000
-99.000000
-99.000000
-99.000000
-99.000000
-99.000000
-99.000000
-99.000000
-99.000000
-99.000000
-99.000000
-99.000000
-99.000000
-99.000000
-99.000000
-99.000000
-99.000000
-99.000000
-99.000000
-99.000000
-99.000000
-99.000000
-99.000000
-99.000000
-99.000000
-99.000000
-99.000000
-99.000000
-99.000000
-99.000000
-99.000000
-99.000000
-99.000000
-99.000000
-99.000000
-99.000000
-99.000000
-99.000000
-99.000000
-99.000000
-99.000000
-99.000000
-99.000000
-99.000000
-99.000000
-99.000000
-99.000000
-99.000000
-99.000000
-99.000000
-99.000000
-99.000000
-99.000000
-99.000000
-99.000000
-99.000000
-99.000000
-99.000000
-99.000000
-99.000000
-99.000000
-99.000000
-99.000000
-99.000000
-99.000000
-99.000000
-99.000000
-99.000000
-99.000000
-99.000000
-99.000000
-99.000000
-99.000000
-99.000000
-99.000000
-99.000000
-99.000000
-99.000000
-99.000000
-99.000000
-99.000000
-99.000000
-99.000000
-99.000000
-99.000000
-99.000000
-99.000000
-99.000000
-99.000000
-99.000000
-99.000000
-99.000000
-99.000000
-99.000000
-99.000000
-99.000000
-99.000000
-99.000000
-99.000000
-99.000000
-99.000000
-99.000000
-99.000000
-99.000000
-99.000000
-99.000000
-99.000000
-99.000000
-99.000000
-99.000000
-99.000000
-99.000000
-99.000000
-99.000000
-99.000000
-99.000000
-99.000000
-99.000000
-99.000000
-99.000000
-99.000000
-99.000000
-99.000000
-99.000000
-99.000000
-99.000000
-99.000000
-99.000000
-99.000000
-99.000000
-99.000000
-99.000000
-99.000000
-99.000000
-99.000000
-99.000000
-99.000000
-99.000000
-99.000000
-99.000000
-99.000000
-99.000000
-99.000000
-99.000000
-99.000000
-99.000000
-99.000000
-99.000000
-99.000000
-99.000000
-99.000000
-99.000000
-99.000000
-99.000000
-99.000000
-99.000000
-99.000000
-99.000000
-99.000000
-99.000000
-99.000000
-99.000000
-99.000000
-99.000000
-99.000000
-99.000000
-99.000000
-99.000000
-99.000000
-99.000000
-99.000000
-99.000000
-99.000000
-99.000000
-99.000000
-99.000000
-99.000000
-99.000000
-99.000000
-99.000000
-99.000000
-99.000000
-99.000000
-99.000000
-99.000000
-99.000000
-99.000000
-99.000000
-99.000000
-99.000000
-99.000000
-99.000000
-99.000000
-99.000000
-99.000000
-99.000000
-99.000000
-99.000000
-99.000000
-99.000000
-99.000000
-99.000000
-99.000000
-99.000000
-99.000000
-99.000000
-99.000000
-99.000000
-99.000000
-99.000000
-99.000000
-99.000000
-99.000000
-99.000000
-99.000000
-99.000000
-99.000000
-99.000000
-99.000000
-99.000000
-99.000000
-99.000000
-99.000000
-99.000000
-99.000000
-99.000000
-99.000000
-99.000000
-99.000000
-99.000000
-99.000000
-99.000000
-99.000000
-99.000000
-99.000000
-99.000000
-99.000000
-99.000000
-99.000000
-99.000000
-99.000000
-99.000000
-99.000000
-99.000000
-99.000000
-99.000000
-99.000000
-99.000000
-99.000000
-99.000000
-99.000000
-99.000000
-99.000000
-99.000000
-99.000000
-99.000000
-99.000000
-99.000000
-99.000000
-99.000000
-99.000000
-99.000000
-99.000000
-99.000000
-99.000000
-99.000000
-99.000000
-99.000000
-99.000000
-99.000000
-99.000000
-99.000000
-99.000000
-99.000000
-99.000000
-99.000000
-99.000000
-99.000000
-99.000000
-99.000000
-99.000000
-99.000000
-99.000000
-99.000000
-99.000000
-99.000000
-99.000000
-99.000000
-99.000000
-99.000000
-99.000000
-99.000000
-99.000000
-99.000000
-99.000000
-99.000000
-99.000000
-99.000000
-99.000000
-99.000000
-99.000000
-99.000000
-99.000000
-99.000000
-99.000000
-99.000000
-99.000000
-99.000000
-99.000000
-99.000000
-99.000000
-99.000000
-99.000000
-99.000000
-99.000000
-99.000000
-99.000000
-99.000000
-99.000000
-99.000000
-99.000000
-99.000000
-99.000000
-99.000000
-99.000000
-99.000000
-99.000000
-99.000000
-99.000000
-99.000000
-99.000000
-99.000000
-99.000000
-99.000000
-99.000000
-99.000000
-99.000000
-99.000000
-99.000000
-99.000000
-99.000000
-99.000000
-99.000000
-99.000000
-99.000000
-99.000000
-99.000000
-99.000000
-99.000000
-99.000000
-99.000000
-99.000000
-99.000000
-99.000000
-99.000000
-99.000000
-99.000000
-99.000000
-99.000000
-99.000000
-99.000000
-99.000000
-99.000000
-99.000000
-99.000000
-99.000000
-99.000000
-99.000000
-99.000000
-99.000000
-99.000000
-99.000000
-99.000000
-99.000000
-99.000000
-99.000000
-99.000000
-99.000000
-99.000000
-99.000000
-99.000000
-99.000000
-99.000000
-99.000000
-99.000000
-99.000000
-99.000000
-99.000000
-99.000000
-99.000000
-99.000000
-99.000000
-99.000000
-99.000000
-99.000000
-99.000000
-99.000000
-99.000000
-99.000000
-99.000000
-99.000000
-99.000000
-99.000000
-99.000000
-99.000000
-99.000000
-99.000000
-99.000000
-99.000000
-99.000000
-99.000000
-99.000000
-99.000000
-99.000000
-99.000000
-99.000000
-99.000000
-99.000000
-99.000000
-99.000000
-99.000000
-99.000000
-99.000000
-99.000000
-99.000000
-99.000000
-99.000000
-99.000000
-99.000000
-99.000000
-99.000000
-99.000000
-99.000000
-99.000000
-99.000000
-99.000000
-99.000000
-99.000000
-99.000000
-99.000000
-99.000000
-99.000000
-99.000000
-99.000000
-99.000000
-99.000000
-99.000000
-99.000000
-99.000000
-99.000000
-99.000000
-99.000000
-99.000000
-99.000000
-99.000000
-99.000000
-99.000000
-99.000000
-99.000000
-99.000000
-99.000000
-99.000000
-99.000000
-99.000000
-99.000000
-99.000000
-99.000000
-99.000000
-99.000000
-99.000000
-99.000000
-99.000000
-99.000000
-99.000000
-99.000000
-99.000000
-99.000000
-99.000000
-99.000000
-99.000000
-99.000000
-99.000000
-99.000000
-99.000000
-99.000000
-99.000000
-99.000000
-99.000000
-99.000000
-99.000000
-99.000000
-99.000000
-99.000000
-99.000000
-99.000000
-99.000000
-99.000000
-99.000000
-99.000000
-99.000000
-99.000000
-99.000000
-99.000000
-99.000000
-99.000000
-99.000000
-99.000000
-99.000000
-99.000000
-99.000000
-99.000000
-99.000000
-99.000000
-99.000000
-99.000000
-99.000000
-99.000000
-99.000000
-99.000000
-99.000000
-99.000000
-99.000000
-99.000000
-99.000000
-99.000000
-99.000000
-99.000000
-99.000000
-99.000000
-99.000000
-99.000000
-99.000000
-99.000000
-99.000000
-99.000000
-99.000000
-99.000000
-99.000000
-99.000000
-99.000000
-99.000000
-99.000000
-99.000000
-99.000000
-99.000000
-99.000000
-99.000000
-99.000000
-99.000000
-99.000000
-99.000000
-99.000000
-99.000000
-99.000000
-99.000000
-99.000000
-99.000000
-99.000000
-99.000000
-99.000000
-99.000000
-99.000000
-99.000000
-99.000000
-99.000000
-99.000000
-99.000000
-99.000000
-99.000000
-99.000000
-99.000000
-99.000000
-99.000000
-99.000000
-99.000000
-99.000000
-99.000000
-99.000000
-99.000000
-99.000000
-99.000000
-99.000000
-99.000000
-99.000000
-99.000000
-99.000000
-99.000000
-99.000000
-99.000000
-99.000000
-99.000000
-99.000000
-99.000000
-99.000000
-99.000000
-99.000000
-99.000000
-99.000000
-99.000000
-99.000000
-99.000000
-99.000000
-99.000000
-99.000000
-99.000000
-99.000000
-99.000000
-99.000000
-99.000000
-99.000000
-99.000000
-99.000000
-99.000000
-99.000000
-99.000000
-99.000000
-99.000000
-99.000000
-99.000000
-99.000000
-99.000000
-99.000000
-99.000000
-99.000000
-99.000000
-99.000000
-99.000000
-99.000000
-99.000000
-99.000000
-99.000000
-99.000000
-99.000000
-99.000000
-99.000000
-99.000000
-99.000000
-99.000000
-99.000000
-99.000000
-99.000000
-99.000000
-99.000000
-99.000000
-99.000000
-99.000000
-99.000000
-99.000000
-99.000000
-99.000000
-99.000000
-99.000000
-99.000000
-99.000000
-99.000000
-99.000000
-99.000000
-99.000000
-99.000000
-99.000000
-99.000000
-99.000000
-99.000000
-99.000000
-99.000000
-99.000000
-99.000000
-99.000000
-99.000000
-99.000000
-99.000000
-99.000000
-99.000000
-99.000000
-99.000000
-99.000000
-99.000000
-99.000000
-99.000000
-99.000000
-99.000000
-99.000000
-99.000000
-99.000000
-99.000000
-99.000000
-99.000000
-99.000000
-99.000000
-99.000000
-99.000000
-99.000000
-99.000000
-99.000000
-99.000000
-99.000000
-99.000000
-99.000000
-99.000000
-99.000000
-99.000000
-99.000000
-99.000000
-99.000000
-99.000000
-99.000000
-99.000000
-99.000000
-99.000000
-99.000000
-99.000000
-99.000000
-99.000000
-99.000000
-99.000000
-99.000000
-99.000000
-99.000000
-99.000000
-99.000000
-99.000000
-99.000000
-99.000000
-99.000000
-99.000000
-99.000000
-99.000000
-99.000000
-99.000000
-99.000000
-99.000000
-99.000000
-99.000000
-99.000000
-99.000000
-99.000000
-99.000000
-99.000000
-99.000000
-99.000000
-99.000000
-99.000000
-99.000000
-99.000000
-99.000000
-99.000000
-99.000000
-99.000000
-99.000000
-99.000000
-99.000000
-99.000000
-99.000000
-99.000000
-99.000000
-99.000000
-99.000000
-99.000000
-99.000000
-99.000000
-99.000000
-99.000000
-99.000000
-99.000000
-99.000000
-99.000000
-99.000000
-99.000000
-99.000000
-99.000000
-99.000000
-99.000000
-99.000000
-99.000000
-99.000000
-99.000000
-99.000000
-99.000000
-99.000000
-99.000000
-99.000000
-99.000000
-99.000000
-99.000000
-99.000000
-99.000000
-99.000000
-99.000000
-99.000000
-99.000000
-99.000000
-99.000000
-99.000000
-99.000000
-99.000000
-99.000000
-99.000000
-99.000000
-99.000000
-99.000000
-99.000000
-99.000000
-99.000000
-99.000000
-99.000000
-99.000000
-99.000000
-99.000000
-99.000000
-99.000000
-99.000000
-99.000000
-99.000000
-99.000000
-99.000000
-99.000000
-99.000000
-99.000000
-99.000000
-99.000000
-99.000000
-99.000000
-99.000000
-99.000000
-99.000000
-99.000000
-99.000000
-99.000000
-99.000000
-99.000000
-99.000000
-99.000000
-99.000000
-99.000000
-99.000000
-99.000000
-99.000000
-99.000000
-99.000000
-99.000000
-99.000000
-99.000000
-99.000000
-99.000000
-99.000000
-99.000000
-99.000000
-99.000000
-99.000000
-99.000000
-99.000000
-99.000000
-99.000000
-99.000000
-99.000000
-99.000000
-99.000000
-99.000000
-99.000000
-99.000000
-99.000000
-99.000000
-99.000000
-99.000000
-99.000000
-99.000000
-99.000000
-99.000000
-99.000000
-99.000000
-99.000000
-99.000000
-99.000000
-99.000000
-99.000000
-99.000000
-99.000000
-99.000000
-99.000000
-99.000000
-99.000000
-99.000000
-99.000000
-99.000000
-99.000000
-99.000000
-99.000000
-99.000000
-99.000000
-99.000000
-99.000000
-99.000000
-99.000000
-99.000000
-99.000000
-99.000000
-99.000000
-99.000000
-99.000000
-99.000000
-99.000000
-99.000000
-99.000000
-99.000000
-99.000000
-99.000000
-99.000000
-99.000000
-99.000000
-99.000000
-99.000000
-99.000000
-99.000000
-99.000000
-99.000000
-99.000000
-99.000000
-99.000000
-99.000000
-99.000000
-99.000000
-99.000000
-99.000000
-99.000000
-99.000000
-99.000000
-99.000000
-99.000000
-99.000000
-99.000000
-99.000000
-99.000000
-99.000000
-99.000000
-99.000000
-99.000000
-99.000000
-99.000000
-99.000000
-99.000000
-99.000000
-99.000000
-99.000000
-99.000000
-99.000000
-99.000000
-99.000000
-99.000000
-99.000000
-99.000000
-99.000000
-99.000000
-99.000000
-99.000000
-99.000000
-99.000000
-99.000000
-99.000000
-99.000000
-99.000000
-99.000000
-99.000000
-99.000000
-99.000000
-99.000000
-99.000000
-99.000000
-99.000000
-99.000000
-99.000000
-99.000000
-99.000000
-99.000000
-99.000000
-99.000000
-99.000000
-99.000000
-99.000000
-99.000000
-99.000000
-99.000000
-99.000000
-99.000000
-99.000000
-99.000000
-99.000000
-99.000000
-99.000000
-99.000000
-99.000000
-99.000000
-99.000000
-99.000000
-99.000000
-99.000000
-99.000000
-99.000000
-99.000000
-99.000000
-99.000000
-99.000000
-99.000000
-99.000000
-99.000000
-99.000000
-99.000000
-99.000000
-99.000000
-99.000000
-99.000000
-99.000000
-99.000000
-99.000000
-99.000000
-99.000000
-99.000000
-99.000000
-99.000000
-99.000000
-99.000000
-99.000000
-99.000000
-99.000000
-99.000000
-99.000000
-99.000000
-99.000000
-99.000000
-99.000000
-99.000000
-99.000000
-99.000000
-99.000000
-99.000000
-99.000000
-99.000000
-99.000000
-99.000000
-99.000000
-99.000000
-99.000000
-99.000000
-99.000000
-99.000000
-99.000000
-99.000000
-99.000000
-99.000000
-99.000000
-99.000000
-99.000000
-99.000000
-99.000000
-99.000000
-99.000000
-99.000000
-99.000000
-99.000000
-99.000000
-99.000000
-99.000000
-99.000000
-99.000000
-99.000000
-99.000000
-99.000000
-99.000000
-99.000000
-99.000000
-99.000000
-99.000000
-99.000000
-99.000000
-99.000000
-99.000000
-99.000000
-99.000000
-99.000000
-99.000000
-99.000000
-99.000000
-99.000000
-99.000000
-99.000000
-99.000000
-99.000000
-99.000000
-99.000000
-99.000000
-99.000000
-99.000000
-99.000000
-99.000000
-99.000000
-99.000000
-99.000000
-99.000000
-99.000000
-99.000000
-99.000000
-99.000000
-99.000000
-99.000000
-99.000000
-99.000000
-99.000000
-99.000000
-99.000000
-99.000000
-99.000000
-99.000000
-99.000000
-99.000000
-99.000000
-99.000000
-99.000000
-99.000000
-99.000000
-99.000000
-99.000000
-99.000000
-99.000000
-99.000000
-99.000000
-99.000000
-99.000000
-99.000000
-99.000000
-99.000000
-99.000000
-99.000000
-99.000000
-99.000000
-99.000000
-99.000000
-99.000000
-99.000000
-99.000000
-99.000000
-99.000000
-99.000000
-99.000000
-99.000000
-99.000000
-99.000000
-99.000000
-99.000000
-99.000000
-99.000000
-99.000000
-99.000000
-99.000000
-99.000000
-99.000000
-99.000000
-99.000000
-99.000000
-99.000000
-99.000000
-99.000000
-99.000000
-99.000000
-99.000000
-99.000000
-99.000000
-99.000000
-99.000000
-99.000000
-99.000000
-99.000000
-99.000000
-99.000000
-99.000000
-99.000000
-99.000000
-99.000000
-99.000000
-99.000000
-99.000000
-99.000000
-99.000000
-99.000000
-99.000000
-99.000000
-99.000000
-99.000000
-99.000000
-99.000000
-99.000000
-99.000000
-99.000000
-99.000000
-99.000000
-99.000000
-99.000000
-99.000000
-99.000000
-99.000000
-99.000000
-99.000000
-99.000000
-99.000000
-99.000000
-99.000000
-99.000000
-99.000000
-99.000000
-99.000000
-99.000000
-99.000000
-99.000000
-99.000000
-99.000000
-99.000000
-99.000000
-99.000000
-99.000000
-99.000000
-99.000000
-99.000000
-99.000000
-99.000000
-99.000000
-99.000000
-99.000000
-99.000000
-99.000000
-99.000000
-99.000000
-99.000000
-99.000000
-99.000000
-99.000000
-99.000000
-99.000000
-99.000000
-99.000000
-99.000000
-99.000000
-99.000000
-99.000000
-99.000000
-99.000000
-99.000000
-99.000000
-99.000000
-99.000000
-99.000000
-99.000000
-99.000000
-99.000000
-99.000000
-99.000000
-99.000000
-99.000000
-99.000000
-99.000000
-99.000000
-99.000000
-99.000000
-99.000000
-99.000000
-99.000000
-99.000000
-99.000000
-99.000000
-99.000000
-99.000000
-99.000000
-99.000000
-99.000000
-99.000000
-99.000000
-99.000000
-99.000000
-99.000000
-99.000000
-99.000000
-99.000000
-99.000000
-99.000000
-99.000000
-99.000000
-99.000000
-99.000000
-99.000000
-99.000000
-99.000000
-99.000000
-99.000000
-99.000000
-99.000000
-99.000000
-99.000000
-99.000000
-99.000000
-99.000000
-99.000000
-99.000000
-99.000000
-99.000000
-99.000000
-99.000000
-99.000000
-99.000000
-99.000000
-99.000000
-99.000000
-99.000000
-99.000000
-99.000000
-99.000000
-99.000000
-99.000000
-99.000000
-99.000000
-99.000000
-99.000000
-99.000000
-99.000000
-99.000000
-99.000000
-99.000000
-99.000000
-99.000000
-99.000000
-99.000000
-99.000000
-99.000000
-99.000000
-99.000000
-99.000000
-99.000000
-99.000000
-99.000000
-99.000000
-99.000000
-99.000000
-99.000000
-99.000000
-99.000000
-99.000000
-99.000000
-99.000000
-99.000000
-99.000000
-99.000000
-99.000000
-99.000000
-99.000000
-99.000000
-99.000000
-99.000000
-99.000000
-99.000000
-99.000000
-99.000000
-99.000000
-99.000000
-99.000000
-99.000000
-99.000000
-99.000000
-99.000000
-99.000000
-99.000000
-99.000000
-99.000000
-99.000000
-99.000000
-99.000000
-99.000000
-99.000000
-99.000000
-99.000000
-99.000000
-99.000000
-99.000000
-99.000000
-99.000000
-99.000000
-99.000000
-99.000000
-99.000000
-99.000000
-99.000000
-99.000000
-99.000000
-99.000000
-99.000000
-99.000000
-99.000000
-99.000000
-99.000000
-99.000000
-99.000000
-99.000000
-99.000000
-99.000000
-99.000000
-99.000000
-99.000000
-99.000000
-99.000000
-99.000000
-99.000000
-99.000000
-99.000000
-99.000000
-99.000000
-99.000000
-99.000000
-99.000000
-99.000000
-99.000000
-99.000000
-99.000000
-99.000000
-99.000000
-99.000000
-99.000000
-99.000000
-99.000000
-99.000000
-99.000000
-99.000000
-99.000000
-99.000000
-99.000000
-99.000000
-99.000000
-99.000000
-99.000000
-99.000000
-99.000000
-99.000000
-99.000000
-99.000000
-99.000000
-99.000000
-99.000000
-99.000000
-99.000000
-99.000000
-99.000000
-99.000000
-99.000000
-99.000000
-99.000000
-99.000000
-99.000000
-99.000000
-99.000000
-99.000000
-99.000000
-99.000000
-99.000000
-99.000000
-99.000000
-99.000000
-99.000000
-99.000000
-99.000000
-99.000000
-99.000000
-99.000000
-99.000000
-99.000000
-99.000000
-99.000000
-99.000000
-99.000000
-99.000000
-99.000000
-99.000000
-99.000000
-99.000000
-99.000000
-99.000000
-99.000000
-99.000000
-99.000000
-99.000000
-99.000000
-99.000000
-99.000000
-99.000000
-99.000000
-99.000000
-99.000000
-99.000000
-99.000000
-99.000000
-99.000000
-99.000000
-99.000000
-99.000000
-99.000000
-99.000000
-99.000000
-99.000000
-99.000000
-99.000000
-99.000000
-99.000000
-99.000000
-99.000000
-99.000000
-99.000000
-99.000000
-99.000000
-99.000000
-99.000000
-99.000000
-99.000000
-99.000000
-99.000000
-99.000000
-99.000000
-99.000000
-99.000000
-99.000000
-99.000000
-99.000000
-99.000000
-99.000000
-99.000000
-99.000000
-99.000000
-99.000000
-99.000000
-99.000000
-99.000000
-99.000000
-99.000000
-99.000000
-99.000000
-99.000000
-99.000000
-99.000000
-99.000000
-99.000000
-99.000000
-99.000000
-99.000000
-99.000000
-99.000000
-99.000000
-99.000000
-99.000000
-99.000000
-99.000000
-99.000000
-99.000000
-99.000000
-99.000000
-99.000000
-99.000000
-99.000000
-99.000000
-99.000000
-99.000000
-99.000000
-99.000000
-99.000000
-99.000000
-99.000000
-99.000000
-99.000000
-99.000000
-99.000000
-99.000000
-99.000000
-99.000000
-99.000000
-99.000000
-99.000000
-99.000000
-99.000000
-99.000000
-99.000000
-99.000000
-99.000000
-99.000000
-99.000000
-99.000000
-99.000000
-99.000000
-99.000000
-99.000000
-99.000000
-99.000000
-99.000000
-99.000000
-99.000000
-99.000000
-99.000000
-99.000000
-99.000000
-99.000000
-99.000000
-99.000000
-99.000000
-99.000000
-99.000000
-99.000000
-99.000000
-99.000000
-99.000000
-99.000000
-99.000000
-99.000000
-99.000000
-99.000000
-99.000000
-99.000000
-99.000000
-99.000000
-99.000000
-99.000000
-99.000000
-99.000000
-99.000000
-99.000000
-99.000000
-99.000000
-99.000000
-99.000000
-99.000000
-99.000000
-99.000000
-99.000000
-99.000000
-99.000000
-99.000000
-99.000000
-99.000000
-99.000000
-99.000000
-99.000000
-99.000000
-99.000000
-99.000000
-99.000000
-99.000000
-99.000000
-99.000000
-99.000000
-99.000000
-99.000000
-99.000000
-99.000000
-99.000000
-99.000000
-99.000000
-99.000000
-99.000000
-99.000000
-99.000000
-99.000000
-99.000000
-99.000000
-99.000000
-99.000000
-99.000000
-99.000000
-99.000000
-99.000000
-99.000000
-99.000000
-99.000000
-99.000000
-99.000000
-99.000000
-99.000000
-99.000000
-99.000000
-99.000000
-99.000000
-99.000000
-99.000000
-99.000000
-99.000000
-99.000000
-99.000000
-99.000000
-99.000000
-99.000000
-99.000000
-99.000000
-99.000000
-99.000000
-99.000000
-99.000000
-99.000000
-99.000000
-99.000000
-99.000000
-99.000000
-99.000000
-99.000000
-99.000000
-99.000000
-99.000000
-99.000000
-99.000000
-99.000000
-99.000000
-99.000000
-99.000000
-99.000000
-99.000000
-99.000000
-99.000000
-99.000000
-99.000000
-99.000000
-99.000000
-99.000000
-99.000000
-99.000000
-99.000000
-99.000000
-99.000000
-99.000000
-99.000000
-99.000000
-99.000000
-99.000000
-99.000000
-99.000000
-99.000000
-99.000000
-99.000000
-99.000000
-99.000000
-99.000000
-99.000000
-99.000000
-99.000000
-99.000000
-99.000000
-99.000000
-99.000000
-99.000000
-99.000000
-99.000000
-99.000000
-99.000000
-99.000000
-99.000000
-99.000000
-99.000000
-99.000000
-99.000000
-99.000000
-99.000000
-99.000000
-99.000000
-99.000000
-99.000000
-99.000000
-99.000000
-99.000000
-99.000000
-99.000000
-99.000000
-99.000000
-99.000000
-99.000000
-99.000000
-99.000000
-99.000000
-99.000000
-99.000000
-99.000000
-99.000000
-99.000000
-99.000000
-99.000000
-99.000000
-99.000000
-99.000000
-99.000000
-99.000000
-99.000000
-99.000000
-99.000000
-99.000000
-99.000000
-99.000000
-99.000000
-99.000000
-99.000000
-99.000000
-99.000000
-99.000000
-99.000000
-99.000000
-99.000000
-99.000000
-99.000000
-99.000000
-99.000000
-99.000000
-99.000000
-99.000000
-99.000000
-99.000000
-99.000000
-99.000000
-99.000000
-99.000000
-99.000000
-99.000000
-99.000000
-99.000000
-99.000000
-99.000000
-99.000000
-99.000000
-99.000000
-99.000000
-99.000000
-99.000000
-99.000000
-99.000000
-99.000000
-99.000000
-99.000000
-99.000000
-99.000000
-99.000000
-99.000000
-99.000000
-99.000000
-99.000000
-99.000000
-99.000000
-99.000000
-99.000000
-99.000000
-99.000000
-99.000000
-99.000000
-99.000000
-99.000000
-99.000000
-99.000000
-99.000000
-99.000000
-99.000000
-99.000000
-99.000000
-99.000000
-99.000000
-99.000000
-99.000000
-99.000000
-99.000000
-99.000000
-99.000000
-99.000000
-99.000000
-99.000000
-99.000000
-99.000000
-99.000000
-99.000000
-99.000000
-99.000000
-99.000000
-99.000000
-99.000000
-99.000000
-99.000000
-99.000000
-99.000000
-99.000000
-99.000000
-99.000000
-99.000000
-99.000000
-99.000000
-99.000000
-99.000000
-99.000000
-99.000000
-99.000000
-99.000000
-99.000000
-99.000000
-99.000000
-99.000000
-99.000000
-99.000000
-99.000000
-99.000000
-99.000000
-99.000000
-99.000000
-99.000000
-99.000000
-99.000000
-99.000000
-99.000000
-99.000000
-99.000000
-99.000000
-99.000000
-99.000000
-99.000000
-99.000000
-99.000000
-99.000000
-99.000000
-99.000000
-99.000000
-99.000000
-99.000000
-99.000000
-99.000000
-99.000000
-99.000000
-99.000000
-99.000000
-99.000000
-99.000000
-99.000000
-99.000000
-99.000000
-99.000000
-99.000000
-99.000000
-99.000000
-99.000000
-99.000000
-99.000000
-99.000000
-99.000000
-99.000000
-99.000000
-99.000000
-99.000000
-99.000000
-99.000000
-99.000000
-99.000000
-99.000000
-99.000000
-99.000000
-99.000000
-99.000000
-99.000000
-99.000000
-99.000000
-99.000000
-99.000000
-99.000000
-99.000000
-99.000000
-99.000000
-99.000000
-99.000000
-99.000000
-99.000000
-99.000000
-99.000000
-99.000000
-99.000000
-99.000000
-99.000000
-99.000000
-99.000000
-99.000000
-99.000000
-99.000000
-99.000000
-99.000000
-99.000000
-99.000000
-99.000000
-99.000000
-99.000000
-99.000000
-99.000000
-99.000000
-99.000000
-99.000000
-99.000000
-99.000000
-99.000000
-99.000000
-99.000000
-99.000000
-99.000000
-99.000000
-99.000000
-99.000000
-99.000000
-99.000000
-99.000000
-99.000000
-99.000000
-99.000000
-99.000000
-99.000000
-99.000000
-99.000000
-99.000000
-99.000000
-99.000000
-99.000000
-99.000000
-99.000000
-99.000000
-99.000000
-99.000000
-99.000000
-99.000000
-99.000000
-99.000000
-99.000000
-99.000000
-99.000000
-99.000000
-99.000000
-99.000000
-99.000000
-99.000000
-99.000000
-99.000000
-99.000000
-99.000000
-99.000000
-99.000000
-99.000000
-99.000000
-99.000000
-99.000000
-99.000000
-99.000000
-99.000000
-99.000000
-99.000000
-99.000000
-99.000000
-99.000000
-99.000000
-99.000000
-99.000000
-99.000000
-99.000000
-99.000000
-99.000000
-99.000000
-99.000000
-99.000000
-99.000000
-99.000000
-99.000000
-99.000000
-99.000000
-99.000000
-99.000000
-99.000000
-99.000000
-99.000000
-99.000000
-99.000000
-99.000000
-99.000000
-99.000000
-99.000000
-99.000000
-99.000000
-99.000000
-99.000000
-99.000000
-99.000000
-99.000000
-99.000000
-99.000000
-99.000000
-99.000000
-99.000000
-99.000000
-99.000000
-99.000000
-99.000000
-99.000000
-99.000000
-99.000000
-99.000000
-99.000000
-99.000000
-99.000000
-99.000000
-99.000000
-99.000000
-99.000000
-99.000000
-99.000000
-99.000000
-99.000000
-99.000000
-99.000000
-99.000000
-99.000000
-99.000000
-99.000000
-99.000000
-99.000000
-99.000000
-99.000000
-99.000000
-99.000000
-99.000000
-99.000000
-99.000000
-99.000000
-99.000000
-99.000000
-99.000000
-99.000000
-99.000000
-99.000000
-99.000000
-99.000000
-99.000000
-99.000000
-99.000000
-99.000000
-99.000000
-99.000000
-99.000000
-99.000000
-99.000000
-99.000000
-99.000000
-99.000000
-99.000000
-99.000000
-99.000000
-99.000000
-99.000000
-99.000000
-99.000000
-99.000000
-99.000000
-99.000000
-99.000000
-99.000000
-99.000000
-99.000000
-99.000000
-99.000000
-99.000000
-99.000000
-99.000000
-99.000000
-99.000000
-99.000000
-99.000000
-99.000000
-99.000000
-99.000000
-99.000000
-99.000000
-99.000000
-99.000000
-99.000000
-99.000000
-99.000000
-99.000000
-99.000000
-99.000000
-99.000000
-99.000000
-99.000000
-99.000000
-99.000000
-99.000000
-99.000000
-99.000000
-99.000000
-99.000000
-99.000000
-99.000000
-99.000000
-99.000000
-99.000000
-99.000000
-99.000000
-99.000000
-99.000000
-99.000000
-99.000000
-99.000000
-99.000000
-99.000000
-99.000000
-99.000000
-99.000000
-99.000000
-99.000000
-99.000000
-99.000000
-99.000000
-99.000000
-99.000000
-99.000000
-99.000000
-99.000000
-99.000000
-99.000000
-99.000000
-99.000000
-99.000000
-99.000000
-99.000000
-99.000000
-99.000000
-99.000000
-99.000000
-99.000000
-99.000000
-99.000000
-99.000000
-99.000000
-99.000000
-99.000000
-99.000000
-99.000000
-99.000000
-99.000000
-99.000000
-99.000000
-99.000000
-99.000000
-99.000000
-99.000000
-99.000000
-99.000000
-99.000000
-99.000000
-99.000000
-99.000000
-99.000000
-99.000000
-99.000000
-99.000000
-99.000000
-99.000000
-99.000000
-99.000000
-99.000000
-99.000000
-99.000000
-99.000000
-99.000000
-99.000000
-99.000000
-99.000000
-99.000000
-99.000000
-99.000000
-99.000000
-99.000000
-99.000000
-99.000000
-99.000000
-99.000000
-99.000000
-99.000000
-99.000000
-99.000000
-99.000000
-99.000000
-99.000000
-99.000000
-99.000000
-99.000000
-99.000000
-99.000000
-99.000000
-99.000000
-99.000000
-99.000000
-99.000000
-99.000000
-99.000000
-99.000000
-99.000000
-99.000000
-99.000000
-99.000000
-99.000000
-99.000000
-99.000000
-99.000000
-99.000000
-99.000000
-99.000000
-99.000000
-99.000000
-99.000000
-99.000000
-99.000000
-99.000000
-99.000000
-99.000000
-99.000000
-99.000000
-99.000000
-99.000000
-99.000000
-99.000000
-99.000000
-99.000000
-99.000000
-99.000000
-99.000000
-99.000000
-99.000000
-99.000000
-99.000000
-99.000000
-99.000000
-99.000000
-99.000000
-99.000000
-99.000000
-99.000000
-99.000000
-99.000000
-99.000000
-99.000000
-99.000000
-99.000000
-99.000000
-99.000000
-99.000000
-99.000000
-99.000000
-99.000000
-99.000000
-99.000000
-99.000000
-99.000000
-99.000000
-99.000000
-99.000000
-99.000000
-99.000000
-99.000000
-99.000000
-99.000000
-99.000000
-99.000000
-99.000000
-99.000000
-99.000000
-99.000000
-99.000000
-99.000000
-99.000000
-99.000000
-99.000000
-99.000000
-99.000000
-99.000000
-99.000000
-99.000000
-99.000000
-99.000000
-99.000000
-99.000000
-99.000000
-99.000000
-99.000000
-99.000000
-99.000000
-99.000000
-99.000000
-99.000000
-99.000000
-99.000000
-99.000000
-99.000000
-99.000000
-99.000000
-99.000000
-99.000000
-99.000000
-99.000000
-99.000000
-99.000000
-99.000000
-99.000000
-99.000000
-99.000000
-99.000000
-99.000000
-99.000000
-99.000000
-99.000000
-99.000000
-99.000000
-99.000000
-99.000000
-99.000000
-99.000000
-99.000000
-99.000000
-99.000000
-99.000000
-99.000000
-99.000000
-99.000000
-99.000000
-99.000000
-99.000000
-99.000000
-99.000000
-99.000000
-99.000000
-99.000000
-99.000000
-99.000000
-99.000000
-99.000000
-99.000000
-99.000000
-99.000000
-99.000000
-99.000000
-99.000000
-99.000000
-99.000000
-99.000000
-99.000000
-99.000000
-99.000000
-99.000000
-99.000000
-99.000000
-99.000000
-99.000000
-99.000000
-99.000000
-99.000000
-99.000000
-99.000000
-99.000000
-99.000000
-99.000000
-99.000000
-99.000000
-99.000000
-99.000000
-99.000000
-99.000000
-99.000000
-99.000000
-99.000000
-99.000000
-99.000000
-99.000000
-99.000000
-99.000000
-99.000000
-99.000000
-99.000000
-99.000000
-99.000000
-99.000000
-99.000000
-99.000000
-99.000000
-99.000000
-99.000000
-99.000000
-99.000000
-99.000000
-99.000000
-99.000000
-99.000000
-99.000000
-99.000000
-99.000000
-99.000000
-99.000000
-99.000000
-99.000000
-99.000000
-99.000000
-99.000000
-99.000000
-99.000000
-99.000000
-99.000000
-99.000000
-99.000000
-99.000000
-99.000000
-99.000000
-99.000000
-99.000000
-99.000000
-99.000000
-99.000000
-99.000000
-99.000000
-99.000000
-99.000000
-99.000000
-99.000000
-99.000000
-99.000000
-99.000000
-99.000000
-99.000000
-99.000000
-99.000000
-99.000000
-99.000000
-99.000000
-99.000000
-99.000000
-99.000000
-99.000000
-99.000000
-99.000000
-99.000000
-99.000000
-99.000000
-99.000000
-99.000000
-99.000000
-99.000000
-99.000000
-99.000000
-99.000000
-99.000000
-99.000000
-99.000000
-99.000000
-99.000000
-99.000000
-99.000000
-99.000000
-99.000000
-99.000000
-99.000000
-99.000000
-99.000000
-99.000000
-99.000000
-99.000000
-99.000000
-99.000000
-99.000000
-99.000000
-99.000000
-99.000000
-99.000000
-99.000000
-99.000000
-99.000000
-99.000000
-99.000000
-99.000000
-99.000000
-99.000000
-99.000000
-99.000000
-99.000000
-99.000000
-99.000000
-99.000000
-99.000000
-99.000000
-99.000000
-99.000000
-99.000000
-99.000000
-99.000000
-99.000000
-99.000000
-99.000000
-99.000000
-99.000000
-99.000000
-99.000000
-99.000000
-99.000000
-99.000000
-99.000000
-99.000000
-99.000000
-99.000000
-99.000000
-99.000000
-99.000000
-99.000000
-99.000000
-99.000000
-99.000000
-99.000000
-99.000000
-99.000000
-99.000000
-99.000000
-99.000000
-99.000000
-99.000000
-99.000000
-99.000000
-99.000000
-99.000000
-99.000000
-99.000000
-99.000000
-99.000000
-99.000000
-99.000000
-99.000000
-99.000000
-99.000000
-99.000000
-99.000000
-99.000000
-99.000000
-99.000000
-99.000000
-99.000000
-99.000000
-99.000000
-99.000000
-99.000000
-99.000000
-99.000000
-99.000000
-99.000000
-99.000000
-99.000000
-99.000000
-99.000000
-99.000000
-99.000000
-99.000000
-99.000000
-99.000000
-99.000000
-99.000000
-99.000000
-99.000000
-99.000000
-99.000000
-99.000000
-99.000000
-99.000000
-99.000000
-99.000000
-99.000000
-99.000000
-99.000000
-99.000000
-99.000000
-99.000000
-99.000000
-99.000000
-99.000000
-99.000000
-99.000000
-99.000000
-99.000000
-99.000000
-99.000000
-99.000000
-99.000000
-99.000000
-99.000000
-99.000000
-99.000000
-99.000000
-99.000000
-99.000000
-99.000000
-99.000000
-99.000000
-99.000000
-99.000000
-99.000000
-99.000000
-99.000000
-99.000000
-99.000000
-99.000000
-99.000000
-99.000000
-99.000000
-99.000000
-99.000000
-99.000000
-99.000000
-99.000000
-99.000000
-99.000000
-99.000000
-99.000000
-99.000000
-99.000000
-99.000000
-99.000000
-99.000000
-99.000000
-99.000000
-99.000000
-99.000000
-99.000000
-99.000000
-99.000000
-99.000000
-99.000000
-99.000000
-99.000000
-99.000000
-99.000000
-99.000000
-99.000000
-99.000000
-99.000000
-99.000000
-99.000000
-99.000000
-99.000000
-99.000000
-99.000000
-99.000000
-99.000000
-99.000000
-99.000000
-99.000000
-99.000000
-99.000000
-99.000000
-99.000000
-99.000000
-99.000000
-99.000000
-99.000000
-99.000000
-99.000000
-99.000000
-99.000000
-99.000000
-99.000000
-99.000000
-99.000000
-99.000000
-99.000000
-99.000000
-99.000000
-99.000000
-99.000000
-99.000000
-99.000000
-99.000000
-99.000000
-99.000000
-99.000000
-99.000000
-99.000000
-99.000000
-99.000000
-99.000000
-99.000000
-99.000000
-99.000000
-99.000000
-99.000000
-99.000000
-99.000000
-99.000000
-99.000000
-99.000000
-99.000000
-99.000000
-99.000000
-99.000000
-99.000000
-99.000000
-99.000000
-99.000000
-99.000000
-99.000000
-99.000000
-99.000000
-99.000000
-99.000000
-99.000000
-99.000000
-99.000000
-99.000000
-99.000000
-99.000000
-99.000000
-99.000000
-99.000000
-99.000000
-99.000000
-99.000000
-99.000000
-99.000000
-99.000000
-99.000000
-99.000000
-99.000000
-99.000000
-99.000000
-99.000000
-99.000000
-99.000000
-99.000000
-99.000000
-99.000000
-99.000000
-99.000000
-99.000000
-99.000000
-99.000000
-99.000000
-99.000000
-99.000000
-99.000000
-99.000000
-99.000000
-99.000000
-99.000000
-99.000000
-99.000000
-99.000000
-99.000000
-99.000000
-99.000000
-99.000000
-99.000000
-99.000000
-99.000000
-99.000000
-99.000000
-99.000000
-99.000000
-99.000000
-99.000000
-99.000000
-99.000000
-99.000000
-99.000000
-99.000000
-99.000000
-99.000000
-99.000000
-99.000000
-99.000000
-99.000000
-99.000000
-99.000000
-99.000000
-99.000000
-99.000000
-99.000000
-99.000000
-99.000000
-99.000000
-99.000000
-99.000000
-99.000000
-99.000000
-99.000000
-99.000000
-99.000000
-99.000000
-99.000000
-99.000000
-99.000000
-99.000000
-99.000000
-99.000000
-99.000000
-99.000000
-99.000000
-99.000000
-99.000000
-99.000000
-99.000000
-99.000000
-99.000000
-99.000000
-99.000000
-99.000000
-99.000000
-99.000000
-99.000000
-99.000000
-99.000000
-99.000000
-99.000000
-99.000000
-99.000000
-99.000000
-99.000000
-99.000000
-99.000000
-99.000000
-99.000000
-99.000000
-99.000000
-99.000000
-99.000000
-99.000000
-99.000000
-99.000000
-99.000000
-99.000000
-99.000000
-99.000000
-99.000000
-99.000000
-99.000000
-99.000000
-99.000000
-99.000000
-99.000000
-99.000000
-99.000000
-99.000000
-99.000000
-99.000000
-99.000000
-99.000000
-99.000000
-99.000000
-99.000000
-99.000000
-99.000000
-99.000000
-99.000000
-99.000000
-99.000000
-99.000000
-99.000000
-99.000000
-99.000000
-99.000000
-99.000000
-99.000000
-99.000000
-99.000000
-99.000000
-99.000000
-99.000000
-99.000000
-99.000000
-99.000000
-99.000000
-99.000000
-99.000000
-99.000000
-99.000000
-99.000000
-99.000000
-99.000000
-99.000000
-99.000000
-99.000000
-99.000000
-99.000000
-99.000000
-99.000000
-99.000000
-99.000000
-99.000000
-99.000000
-99.000000
-99.000000
-99.000000
-99.000000
-99.000000
-99.000000
-99.000000
-99.000000
-99.000000
-99.000000
-99.000000
-99.000000
-99.000000
-99.000000
-99.000000
-99.000000
-99.000000
-99.000000
-99.000000
-99.000000
-99.000000
-99.000000
-99.000000
-99.000000
-99.000000
-99.000000
-99.000000
-99.000000
-99.000000
-99.000000
-99.000000
-99.000000
-99.000000
-99.000000
-99.000000
-99.000000
-99.000000
-99.000000
-99.000000
-99.000000
-99.000000
-99.000000
-99.000000
-99.000000
-99.000000
-99.000000
-99.000000
-99.000000
-99.000000
-99.000000
-99.000000
-99.000000
-99.000000
-99.000000
-99.000000
-99.000000
-99.000000
-99.000000
-99.000000
-99.000000
-99.000000
-99.000000
-99.000000
-99.000000
-99.000000
-99.000000
-99.000000
-99.000000
-99.000000
-99.000000
-99.000000
-99.000000
-99.000000
-99.000000
-99.000000
-99.000000
-99.000000
-99.000000
-99.000000
-99.000000
-99.000000
-99.000000
-99.000000
-99.000000
-99.000000
-99.000000
-99.000000
-99.000000
-99.000000
-99.000000
-99.000000
-99.000000
-99.000000
-99.000000
-99.000000
-99.000000
-99.000000
-99.000000
-99.000000
-99.000000
-99.000000
-99.000000
-99.000000
-99.000000
-99.000000
-99.000000
-99.000000
-99.000000
-99.000000
-99.000000
-99.000000
-99.000000
-99.000000
-99.000000
-99.000000
-99.000000
-99.000000
-99.000000
-99.000000
-99.000000
-99.000000
-99.000000
-99.000000
-99.000000
-99.000000
-99.000000
-99.000000
-99.000000
-99.000000
-99.000000
-99.000000
-99.000000
-99.000000
-99.000000
-99.000000
-99.000000
-99.000000
-99.000000
-99.000000
-99.000000
-99.000000
-99.000000
-99.000000
-99.000000
-99.000000
-99.000000
-99.000000
-99.000000
-99.000000
-99.000000
-99.000000
-99.000000
-99.000000
-99.000000
-99.000000
-99.000000
-99.000000
-99.000000
-99.000000
-99.000000
-99.000000
-99.000000
-99.000000
-99.000000
-99.000000
-99.000000
-99.000000
-99.000000
-99.000000
-99.000000
-99.000000
-99.000000
-99.000000
-99.000000
-99.000000
-99.000000
-99.000000
-99.000000
-99.000000
-99.000000
-99.000000
-99.000000
-99.000000
-99.000000
-99.000000
-99.000000
-99.000000
-99.000000
-99.000000
-99.000000
-99.000000
-99.000000
-99.000000
-99.000000
-99.000000
-99.000000
-99.000000
-99.000000
-99.000000
-99.000000
-99.000000
-99.000000
-99.000000
-99.000000
-99.000000
-99.000000
-99.000000
-99.000000
-99.000000
-99.000000
-99.000000
-99.000000
-99.000000
-99.000000
-99.000000
-99.000000
-99.000000
-99.000000
-99.000000
-99.000000
-99.000000
-99.000000
-99.000000
-99.000000
-99.000000
-99.000000
-99.000000
-99.000000
-99.000000
-99.000000
-99.000000
-99.000000
-99.000000
-99.000000
-99.000000
-99.000000
-99.000000
-99.000000
-99.000000
-99.000000
-99.000000
-99.000000
-99.000000
-99.000000
-99.000000
-99.000000
-99.000000
-99.000000
-99.000000
-99.000000
-99.000000
-99.000000
-99.000000
-99.000000
-99.000000
-99.000000
-99.000000
-99.000000
-99.000000
-99.000000
-99.000000
-99.000000
-99.000000
-99.000000
-99.000000
-99.000000
-99.000000
-99.000000
-99.000000
-99.000000
-99.000000
-99.000000
-99.000000
-99.000000
-99.000000
-99.000000
-99.000000
-99.000000
-99.000000
-99.000000
-99.000000
-99.000000
-99.000000
-99.000000
-99.000000
-99.000000
-99.000000
-99.000000
-99.000000
-99.000000
-99.000000
-99.000000
-99.000000
-99.000000
-99.000000
-99.000000
-99.000000
-99.000000
-99.000000
-99.000000
-99.000000
-99.000000
-99.000000
-99.000000
-99.000000
-99.000000
-99.000000
-99.000000
-99.000000
-99.000000
-99.000000
-99.000000
-99.000000
-99.000000
-99.000000
-99.000000
-99.000000
-99.000000
-99.000000
-99.000000
-99.000000
-99.000000
-99.000000
-99.000000
-99.000000
-99.000000
-99.000000
-99.000000
-99.000000
-99.000000
-99.000000
-99.000000
-99.000000
-99.000000
-99.000000
-99.000000
-99.000000
-99.000000
-99.000000
-99.000000
-99.000000
-99.000000
-99.000000
-99.000000
-99.000000
-99.000000
-99.000000
-99.000000
-99.000000
-99.000000
-99.000000
-99.000000
-99.000000
-99.000000
-99.000000
-99.000000
-99.000000
-99.000000
-99.000000
-99.000000
-99.000000
-99.000000
-99.000000
-99.000000
-99.000000
-99.000000
-99.000000
-99.000000
-99.000000
-99.000000
-99.000000
-99.000000
-99.000000
-99.000000
-99.000000
-99.000000
-99.000000
-99.000000
-99.000000
-99.000000
-99.000000
-99.000000
-99.000000
-99.000000
-99.000000
-99.000000
-99.000000
-99.000000
-99.000000
-99.000000
-99.000000
-99.000000
-99.000000
-99.000000
-99.000000
-99.000000
-99.000000
-99.000000
-99.000000
-99.000000
-99.000000
-99.000000
-99.000000
-99.000000
-99.000000
-99.000000
-99.000000
-99.000000
-99.000000
-99.000000
-99.000000
-99.000000
-99.000000
-99.000000
-99.000000
-99.000000
-99.000000
-99.000000
-99.000000
-99.000000
-99.000000
-99.000000
-99.000000
-99.000000
-99.000000
-99.000000
-99.000000
-99.000000
-99.000000
-99.000000
-99.000000
-99.000000
-99.000000
-99.000000
-99.000000
-99.000000
-99.000000
-99.000000
-99.000000
-99.000000
-99.000000
-99.000000
-99.000000
-99.000000
-99.000000
-99.000000
-99.000000
-99.000000
-99.000000
-99.000000
-99.000000
-99.000000
-99.000000
-99.000000
-99.000000
-99.000000
-99.000000
-99.000000
-99.000000
-99.000000
-99.000000
-99.000000
-99.000000
-99.000000
-99.000000
-99.000000
-99.000000
-99.000000
-99.000000
-99.000000
-99.000000
-99.000000
-99.000000
-99.000000
-99.000000
-99.000000
-99.000000
-99.000000
-99.000000
-99.000000
-99.000000
-99.000000
-99.000000
-99.000000
-99.000000
-99.000000
-99.000000
-99.000000
-99.000000
-99.000000
-99.000000
-99.000000
-99.000000
-99.000000
-99.000000
-99.000000
-99.000000
-99.000000
-99.000000
-99.000000
-99.000000
-99.000000
-99.000000
-99.000000
-99.000000
-99.000000
-99.000000
-99.000000
-99.000000
-99.000000
-99.000000
-99.000000
-99.000000
-99.000000
-99.000000
-99.000000
-99.000000
-99.000000
-99.000000
-99.000000
-99.000000
-99.000000
-99.000000
-99.000000
-99.000000
-99.000000
-99.000000
-99.000000
-99.000000
-99.000000
-99.000000
-99.000000
-99.000000
-99.000000
-99.000000
-99.000000
-99.000000
-99.000000
-99.000000
-99.000000
-99.000000
-99.000000
-99.000000
-99.000000
-99.000000
-99.000000
-99.000000
-99.000000
-99.000000
-99.000000
-99.000000
-99.000000
-99.000000
-99.000000
-99.000000
-99.000000
-99.000000
-99.000000
-99.000000
-99.000000
-99.000000
-99.000000
-99.000000
-99.000000
-99.000000
-99.000000
-99.000000
-99.000000
-99.000000
-99.000000
-99.000000
-99.000000
-99.000000
-99.000000
-99.000000
-99.000000
-99.000000
-99.000000
-99.000000
-99.000000
-99.000000
-99.000000
-99.000000
-99.000000
-99.000000
-99.000000
-99.000000
-99.000000
-99.000000
-99.000000
-99.000000
-99.000000
-99.000000
-99.000000
-99.000000
-99.000000
-99.000000
-99.000000
-99.000000
-99.000000
-99.000000
-99.000000
-99.000000
-99.000000
-99.000000
-99.000000
-99.000000
-99.000000
-99.000000
-99.000000
-99.000000
-99.000000
-99.000000
-99.000000
-99.000000
-99.000000
-99.000000
-99.000000
-99.000000
-99.000000
-99.000000
-99.000000
-99.000000
-99.000000
-99.000000
-99.000000
-99.000000
-99.000000
-99.000000
-99.000000
-99.000000
-99.000000
-99.000000
-99.000000
-99.000000
-99.000000
-99.000000
-99.000000
-99.000000
-99.000000
-99.000000
-99.000000
-99.000000
-99.000000
-99.000000
-99.000000
-99.000000
-99.000000
-99.000000
-99.000000
-99.000000
-99.000000
-99.000000
-99.000000
-99.000000
-99.000000
-99.000000
-99.000000
-99.000000
-99.000000
-99.000000
-99.000000
-99.000000
-99.000000
-99.000000
-99.000000
-99.000000
-99.000000
-99.000000
-99.000000
-99.000000
-99.000000
-99.000000
-99.000000
-99.000000
-99.000000
-99.000000
-99.000000
-99.000000
-99.000000
-99.000000
-99.000000
-99.000000
-99.000000
-99.000000
-99.000000
-99.000000
-99.000000
-99.000000
-99.000000
-99.000000
-99.000000
-99.000000
-99.000000
-99.000000
-99.000000
-99.000000
-99.000000
-99.000000
-99.000000
-99.000000
-99.000000
-99.000000
-99.000000
-99.000000
-99.000000
-99.000000
-99.000000
-99.000000
-99.000000
-99.000000
-99.000000
-99.000000
-99.000000
-99.000000
-99.000000
-99.000000
-99.000000
-99.000000
-99.000000
-99.000000
-99.000000
-99.000000
-99.000000
-99.000000
-99.000000
-99.000000
-99.000000
-99.000000
-99.000000
-99.000000
-99.000000
-99.000000
-99.000000
-99.000000
-99.000000
-99.000000
-99.000000
-99.000000
-99.000000
-99.000000
-99.000000
-99.000000
-99.000000
-99.000000
-99.000000
-99.000000
-99.000000
-99.000000
-99.000000
-99.000000
-99.000000
-99.000000
-99.000000
-99.000000
-99.000000
-99.000000
-99.000000
-99.000000
-99.000000
-99.000000
-99.000000
-99.000000
-99.000000
-99.000000
-99.000000
-99.000000
-99.000000
-99.000000
-99.000000
-99.000000
-99.000000
-99.000000
-99.000000
-99.000000
-99.000000
-99.000000
-99.000000
-99.000000
-99.000000
-99.000000
-99.000000
-99.000000
-99.000000
-99.000000
-99.000000
-99.000000
-99.000000
-99.000000
-99.000000
-99.000000
-99.000000
-99.000000
-99.000000
-99.000000
-99.000000
-99.000000
-99.000000
-99.000000
-99.000000
-99.000000
-99.000000
-99.000000
-99.000000
-99.000000
-99.000000
-99.000000
-99.000000
-99.000000
-99.000000
-99.000000
-99.000000
-99.000000
-99.000000
-99.000000
-99.000000
-99.000000
-99.000000
-99.000000
-99.000000
-99.000000
-99.000000
-99.000000
-99.000000
-99.000000
-99.000000
-99.000000
-99.000000
-99.000000
-99.000000
-99.000000
-99.000000
-99.000000
-99.000000
-99.000000
-99.000000
-99.000000
-99.000000
-99.000000
-99.000000
-99.000000
-99.000000
-99.000000
-99.000000
-99.000000
-99.000000
-99.000000
-99.000000
-99.000000
-99.000000
-99.000000
-99.000000
-99.000000
-99.000000
-99.000000
-99.000000
-99.000000
-99.000000
-99.000000
-99.000000
-99.000000
-99.000000
-99.000000
-99.000000
-99.000000
-99.000000
-99.000000
-99.000000
-99.000000
-99.000000
-99.000000
-99.000000
-99.000000
-99.000000
-99.000000
-99.000000
-99.000000
-99.000000
-99.000000
-99.000000
-99.000000
-99.000000
-99.000000
-99.000000
-99.000000
-99.000000
-99.000000
-99.000000
-99.000000
-99.000000
-99.000000
-99.000000
-99.000000
-99.000000
-99.000000
-99.000000
-99.000000
-99.000000
-99.000000
-99.000000
-99.000000
-99.000000
-99.000000
-99.000000
-99.000000
-99.000000
-99.000000
-99.000000
-99.000000
-99.000000
-99.000000
-99.000000
-99.000000
-99.000000
-99.000000
-99.000000
-99.000000
-99.000000
-99.000000
-99.000000
-99.000000
-99.000000
-99.000000
-99.000000
-99.000000
-99.000000
-99.000000
-99.000000
-99.000000
-99.000000
-99.000000
-99.000000
-99.000000
-99.000000
-99.000000
-99.000000
-99.000000
-99.000000
-99.000000
-99.000000
-99.000000
-99.000000
-99.000000
-99.000000
-99.000000
-99.000000
-99.000000
-99.000000
-99.000000
-99.000000
-99.000000
-99.000000
-99.000000
-99.000000
-99.000000
-99.000000
-99.000000
-99.000000
-99.000000
-99.000000
-99.000000
-99.000000
-99.000000
-99.000000
-99.000000
-99.000000
-99.000000
-99.000000
-99.000000
-99.000000
-99.000000
-99.000000
-99.000000
-99.000000
-99.000000
-99.000000
-99.000000
-99.000000
-99.000000
-99.000000
-99.000000
-99.000000
-99.000000
-99.000000
-99.000000
-99.000000
-99.000000
-99.000000
-99.000000
-99.000000
-99.000000
-99.000000
-99.000000
-99.000000
-99.000000
-99.000000
-99.000000
-99.000000
-99.000000
-99.000000
-99.000000
-99.000000
-99.000000
-99.000000
-99.000000
-99.000000
-99.000000
-99.000000
-99.000000
-99.000000
-99.000000
-99.000000
-99.000000
-99.000000
-99.000000
-99.000000
-99.000000
-99.000000
-99.000000
-99.000000
-99.000000
-99.000000
-99.000000
-99.000000
-99.000000
-99.000000
-99.000000
-99.000000
-99.000000
-99.000000
-99.000000
-99.000000
-99.000000
-99.000000
-99.000000
-99.000000
-99.000000
-99.000000
-99.000000
-99.000000
-99.000000
-99.000000
-99.000000
-99.000000
-99.000000
-99.000000
-99.000000
-99.000000
-99.000000
-99.000000
-99.000000
-99.000000
-99.000000
-99.000000
-99.000000
-99.000000
-99.000000
-99.000000
-99.000000
-99.000000
-99.000000
-99.000000
-99.000000
-99.000000
-99.000000
-99.000000
-99.000000
-99.000000
-99.000000
-99.000000
-99.000000
-99.000000
-99.000000
-99.000000
-99.000000
-99.000000
-99.000000
-99.000000
